751 21 767 37
738 2 754 18
782 26 798 42
767 14 783 30
17 381 33 397
3 363 19 379
21 405 37 421
6 390 22 406
28 438 44 454
14 425 30 441
34 463 50 479
14 448 30 464
54 450 70 466
42 432 58 448
53 420 69 436
37 406 53 422
46 388 62 404
30 377 46 393
47 362 63 378
26 342 42 358
41 330 57 346
26 318 42 334
40 300 56 316
20 287 36 303
20 204 36 220
1 191 17 207
32 229 48 245
21 216 37 232
48 163 64 179
33 148 49 164
50 197 66 213
31 175 47 191
53 251 69 267
36 231 52 247
61 282 77 298
46 266 62 282
60 313 76 329
44 298 60 314
66 344 82 360
48 326 64 342
69 375 85 391
53 362 69 378
77 403 93 419
61 384 77 400
83 426 99 442
67 408 83 424
88 457 104 473
68 443 84 459
109 469 125 485
89 453 105 469
106 441 122 457
89 427 105 443
104 407 120 423
91 395 107 411
104 377 120 393
84 363 100 379
93 354 109 370
72 339 88 355
90 320 106 336
74 305 90 321
86 290 102 306
76 277 92 293
83 267 99 283
69 247 85 263
80 233 96 249
69 218 85 234
75 202 91 218
62 188 78 204
29 71 45 87
10 53 26 69
35 107 51 123
20 88 36 104
56 85 72 101
42 71 58 87
63 114 79 130
48 98 64 114
63 142 79 158
52 129 68 145
72 170 88 186
56 156 72 172
84 69 100 85
65 51 81 67
83 97 99 113
68 85 84 101
87 127 103 143
73 114 89 130
96 157 112 173
79 142 95 158
98 186 114 202
79 169 95 185
101 218 117 234
82 202 98 218
101 248 117 264
86 228 102 244
111 274 127 290
95 256 111 272
115 305 131 321
100 284 116 300
127 396 143 412
112 374 128 390
124 424 140 440
108 405 124 421
130 453 146 469
117 441 133 457
159 467 175 483
143 456 159 472
159 430 175 446
145 416 161 432
151 404 167 420
136 393 152 409
152 380 168 396
140 363 156 379
151 343 167 359
138 323 154 339
140 313 156 329
125 301 141 317
141 286 157 302
122 272 138 288
134 259 150 275
115 239 131 255
133 224 149 240
113 211 129 227
131 191 147 207
111 176 127 192
127 164 143 180
110 150 126 166
124 130 140 146
102 114 118 130
117 99 133 115
105 85 121 101
22 42 38 58
11 24 27 40
58 52 74 68
42 36 58 52
51 21 67 37
32 4 48 20
74 34 90 50
64 17 80 33
105 51 121 67
88 33 104 49
109 79 125 95
92 58 108 74
98 15 114 31
82 5 98 21
128 27 144 43
114 13 130 29
137 57 153 73
120 41 136 57
141 90 157 106
124 74 140 90
140 121 156 137
126 102 142 118
147 146 163 162
131 131 147 147
156 33 172 49
141 20 157 36
158 70 174 86
144 51 160 67
161 99 177 115
149 80 165 96
170 127 186 143
152 116 168 132
168 159 184 175
149 146 165 162
147 175 163 191
134 164 150 180
154 209 170 225
140 191 156 207
159 244 175 260
140 228 156 244
156 265 172 281
146 248 162 264
165 299 181 315
150 284 166 300
193 311 209 327
175 292 191 308
185 276 201 292
170 258 186 274
187 250 203 266
170 239 186 255
184 227 200 243
167 210 183 226
173 194 189 210
157 174 173 190
185 24 201 40
167 12 183 28
188 51 204 67
170 36 186 52
185 77 201 93
173 62 189 78
193 114 209 130
175 96 191 112
194 145 210 161
179 132 195 148
196 171 212 187
178 154 194 170
202 207 218 223
187 191 203 207
206 233 222 249
192 218 208 234
210 268 226 284
197 247 213 263
215 292 231 308
195 276 211 292
242 305 258 321
229 292 245 308
240 274 256 290
225 258 241 274
232 246 248 262
217 231 233 247
233 217 249 233
217 196 233 212
228 184 244 200
208 169 224 185
214 157 230 173
202 143 218 159
217 125 233 141
200 113 216 129
212 97 228 113
200 79 216 95
217 71 233 87
201 53 217 69
210 34 226 50
195 22 211 38
232 21 248 37
219 6 235 22
242 114 258 130
224 98 240 114
242 84 258 100
229 71 245 87
238 55 254 71
218 37 234 53
259 32 275 48
238 15 254 31
253 63 269 79
237 45 253 61
268 88 284 104
248 74 264 90
270 126 286 142
255 111 271 127
240 143 256 159
225 126 241 142
268 321 284 337
249 300 265 316
267 288 283 304
248 272 264 288
264 257 280 273
246 239 262 255
261 229 277 245
247 215 263 231
257 200 273 216
238 185 254 201
254 169 270 185
236 151 252 167
275 147 291 163
263 134 279 150
278 180 294 196
264 163 280 179
281 211 297 227
262 194 278 210
291 238 307 254
272 220 288 236
289 271 305 287
270 256 286 272
294 300 310 316
281 286 297 302
320 311 336 327
305 292 321 308
311 275 327 291
299 262 315 278
316 255 332 271
300 236 316 252
317 227 333 243
300 211 316 227
304 195 320 211
288 180 304 196
300 168 316 184
290 152 306 168
297 132 313 148
281 120 297 136
291 107 307 123
278 87 294 103
292 74 308 90
273 59 289 75
283 50 299 66
272 30 288 46
313 27 329 43
292 12 308 28
315 57 331 73
301 42 317 58
319 85 335 101
307 72 323 88
320 118 336 134
305 99 321 115
326 146 342 162
305 133 321 149
332 176 348 192
319 158 335 174
332 203 348 219
315 188 331 204
342 243 358 259
328 226 344 242
347 267 363 283
330 255 346 271
347 300 363 316
335 280 351 296
374 305 390 321
357 291 373 307
371 275 387 291
359 257 375 273
338 37 354 53
319 19 335 35
339 67 355 83
322 49 338 65
347 100 363 116
334 81 350 97
353 127 369 143
332 112 348 128
358 155 374 171
338 139 354 155
358 188 374 204
346 170 362 186
368 214 384 230
351 204 367 220
366 245 382 261
353 229 369 245
363 24 379 40
345 11 361 27
363 50 379 66
352 36 368 52
368 79 384 95
350 65 366 81
372 110 388 126
361 93 377 109
375 135 391 151
364 120 380 136
383 170 399 186
364 152 380 168
388 196 404 212
372 184 388 200
395 228 411 244
376 218 392 234
398 259 414 275
379 240 395 256
402 287 418 303
386 268 402 284
388 31 404 47
374 18 390 34
392 64 408 80
378 51 394 67
401 94 417 110
385 79 401 95
402 124 418 140
391 103 407 119
412 144 428 160
396 128 412 144
413 180 429 196
396 163 412 179
413 209 429 225
395 196 411 212
420 242 436 258
403 227 419 243
424 268 440 284
407 255 423 271
428 301 444 317
418 283 434 299
404 325 420 341
384 308 400 324
430 336 446 352
413 318 429 334
451 311 467 327
434 294 450 310
449 282 465 298
431 264 447 280
443 253 459 269
432 231 448 247
439 223 455 239
428 203 444 219
442 190 458 206
421 173 437 189
433 160 449 176
421 148 437 164
434 130 450 146
418 113 434 129
432 106 448 122
415 86 431 102
426 72 442 88
409 54 425 70
419 37 435 53
403 22 419 38
418 18 434 34
397 4 413 20
444 24 460 40
427 7 443 23
444 46 460 62
427 32 443 48
457 84 473 100
436 65 452 81
460 115 476 131
442 101 458 117
460 144 476 160
444 132 460 148
459 177 475 193
444 162 460 178
464 208 480 224
449 186 465 202
468 232 484 248
452 219 468 235
467 269 483 285
454 253 470 269
467 300 483 316
451 281 467 297
480 328 496 344
461 312 477 328
505 312 521 328
487 295 503 311
499 272 515 288
486 256 502 272
496 247 512 263
480 226 496 242
496 216 512 232
475 197 491 213
488 184 504 200
470 172 486 188
493 158 509 174
474 142 490 158
488 121 504 137
467 104 483 120
483 95 499 111
470 80 486 96
479 68 495 84
459 53 475 69
474 41 490 57
462 25 478 41
499 50 515 66
486 28 502 44
502 73 518 89
487 62 503 78
509 107 525 123
496 92 512 108
516 135 532 151
501 116 517 132
515 163 531 179
502 147 518 163
515 198 531 214
498 182 514 198
518 225 534 241
500 209 516 225
520 257 536 273
502 240 518 256
524 284 540 300
513 268 529 284
532 323 548 339
513 301 529 317
556 304 572 320
542 290 558 306
553 271 569 287
532 254 548 270
527 29 543 45
510 11 526 27
533 61 549 77
516 45 532 61
539 88 555 104
520 71 536 87
541 112 557 128
525 96 541 112
543 148 559 164
525 134 541 150
542 183 558 199
530 164 546 180
546 210 562 226
531 191 547 207
545 239 561 255
529 219 545 235
557 333 573 349
540 315 556 331
581 310 597 326
565 297 581 313
573 286 589 302
558 267 574 283
572 253 588 269
559 237 575 253
569 195 585 211
555 176 571 192
568 157 584 173
555 147 571 163
568 131 584 147
553 113 569 129
559 99 575 115
543 80 559 96
559 70 575 86
543 54 559 70
555 38 571 54
535 24 551 40
574 26 590 42
559 6 575 22
577 52 593 68
562 41 578 57
587 79 603 95
572 69 588 85
592 132 608 148
578 122 594 138
594 175 610 191
575 158 591 174
598 205 614 221
584 188 600 204
622 217 638 233
612 203 628 219
624 178 640 194
610 159 626 175
618 147 634 163
604 132 620 148
617 128 633 144
595 109 611 125
614 92 630 108
595 81 611 97
605 63 621 79
591 47 607 63
603 34 619 50
586 24 602 40
627 46 643 62
610 33 626 49
633 80 649 96
615 66 631 82
640 106 656 122
620 89 636 105
645 137 661 153
624 115 640 131
647 163 663 179
630 151 646 167
644 201 660 217
627 188 643 204
677 215 693 231
660 196 676 212
674 180 690 196
654 164 670 180
665 149 681 165
653 133 669 149
664 118 680 134
652 99 668 115
663 90 679 106
646 72 662 88
654 59 670 75
642 38 658 54
654 21 670 37
638 10 654 26
675 41 691 57
662 27 678 43
680 72 696 88
667 58 683 74
691 99 707 115
670 84 686 100
695 128 711 144
678 113 694 129
697 161 713 177
677 145 693 161
698 194 714 210
685 177 701 193
704 23 720 39
684 9 700 25
701 52 717 68
685 35 701 51
707 86 723 102
692 68 708 84
718 115 734 131
700 97 716 113
717 144 733 160
707 126 723 142
726 172 742 188
709 155 725 171
726 207 742 223
715 189 731 205
727 239 743 255
714 221 730 237
753 215 769 231
739 202 755 218
748 188 764 204
733 170 749 186
747 148 763 164
729 136 745 152
747 126 763 142
728 109 744 125
740 96 756 112
722 83 738 99
734 62 750 78
716 50 732 66
728 40 744 56
716 19 732 35
755 50 771 66
743 30 759 46
761 79 777 95
740 65 756 81
764 111 780 127
749 92 765 108
772 135 788 151
752 119 768 135
772 167 788 183
758 153 774 169
774 197 790 213
757 181 773 197
770 213 786 229
599 238 615 254
585 220 601 236
579 221 595 237
564 208 580 224
602 267 618 283
582 253 598 269
610 323 626 339
591 311 607 327
609 358 625 374
588 339 604 355
612 386 628 402
598 370 614 386
616 419 632 435
606 406 622 422
619 446 635 462
604 429 620 445
628 482 644 498
609 463 625 479
653 459 669 475
638 448 654 464
646 426 662 442
634 412 650 428
644 398 660 414
624 383 640 399
640 369 656 385
626 351 642 367
639 341 655 357
625 325 641 341
636 314 652 330
618 293 634 309
632 277 648 293
612 263 628 279
626 248 642 264
610 235 626 251
650 230 666 246
634 216 650 232
657 261 673 277
640 244 656 260
655 296 671 312
643 278 659 294
660 318 676 334
648 303 664 319
661 347 677 363
645 331 661 347
669 382 685 398
653 365 669 381
672 410 688 426
657 395 673 411
680 471 696 487
665 455 681 471
705 457 721 473
693 442 709 458
703 425 719 441
686 413 702 429
693 394 709 410
681 381 697 397
688 359 704 375
672 341 688 357
688 329 704 345
676 315 692 331
687 303 703 319
669 283 685 299
680 270 696 286
666 252 682 268
684 238 700 254
665 224 681 240
701 219 717 235
683 209 699 225
709 254 725 270
695 237 711 253
712 284 728 300
692 265 708 281
718 315 734 331
697 300 713 316
718 346 734 362
697 330 713 346
722 376 738 392
708 359 724 375
723 405 739 421
705 393 721 409
723 436 739 452
709 422 725 438
732 464 748 480
717 451 733 467
758 472 774 488
743 460 759 476
758 414 774 430
741 400 757 416
744 386 760 402
730 365 746 381
739 349 755 365
726 338 742 354
741 320 757 336
725 308 741 324
764 338 780 354
754 326 770 342
776 371 792 387
754 351 770 367
779 401 795 417
759 385 775 401
587 344 603 360
572 326 588 342
591 370 607 386
577 357 593 373
567 362 583 378
548 345 564 361
534 349 550 365
521 333 537 349
513 335 529 351
496 322 512 338
596 401 612 417
579 387 595 403
569 389 585 405
549 373 565 389
543 376 559 392
529 364 545 380
512 364 528 380
499 349 515 365
489 351 505 367
474 337 490 353
461 339 477 355
444 326 460 342
352 320 368 336
336 307 352 323
382 335 398 351
361 316 377 332
407 345 423 361
390 333 406 349
435 354 451 370
420 343 436 359
462 374 478 390
446 356 462 372
491 384 507 400
476 368 492 384
511 395 527 411
496 383 512 399
542 409 558 425
528 393 544 409
571 420 587 436
557 402 573 418
600 435 616 451
583 418 599 434
598 465 614 481
579 451 595 467
574 452 590 468
555 434 571 450
545 442 561 458
526 422 542 438
519 429 535 445
501 413 517 429
493 416 509 432
474 398 490 414
464 403 480 419
446 385 462 401
435 383 451 399
417 370 433 386
406 375 422 391
394 363 410 379
385 364 401 380
366 353 382 369
357 358 373 374
343 339 359 355
321 337 337 353
307 324 323 340
302 332 318 348
282 315 298 331
218 323 234 339
203 304 219 320
331 373 347 389
321 354 337 370
309 358 325 374
292 342 308 358
275 354 291 370
263 336 279 352
244 331 260 347
225 314 241 330
338 398 354 414
326 381 342 397
308 389 324 405
293 375 309 391
282 375 298 391
263 362 279 378
243 361 259 377
228 346 244 362
226 352 242 368
211 338 227 354
192 339 208 355
178 320 194 336
171 326 187 342
153 308 169 324
174 354 190 370
159 337 175 353
203 367 219 383
182 350 198 366
225 381 241 397
213 367 229 383
250 394 266 410
236 378 252 394
279 402 295 418
262 389 278 405
315 416 331 432
300 402 316 418
319 443 335 459
304 429 320 445
290 431 306 447
273 419 289 435
232 409 248 425
219 399 235 415
211 396 227 412
189 383 205 399
179 387 195 403
160 371 176 387
184 418 200 434
169 401 185 417
209 425 225 441
189 411 205 427
235 438 251 454
219 426 235 442
262 456 278 472
245 439 261 455
289 464 305 480
277 445 293 461
322 472 338 488
307 461 323 477
250 464 266 480
240 470 256 486
225 451 241 467
210 458 226 474
200 447 216 463
184 443 200 459
165 428 181 444
189 477 205 493
173 463 189 479
493 439 509 455
481 427 497 443
468 430 484 446
449 413 465 429
443 418 459 434
423 405 439 421
416 405 432 421
400 388 416 404
389 392 405 408
375 374 391 390
364 381 380 397
344 364 360 380
364 410 380 426
350 398 366 414
392 424 408 440
375 410 391 426
415 436 431 452
402 422 418 438
445 449 461 465
432 434 448 450
471 459 487 475
460 445 476 461
497 475 513 491
484 459 500 475
455 473 471 489
435 459 451 475
425 462 441 478
405 447 421 463
396 457 412 473
376 436 392 452
371 439 387 455
351 422 367 438
338 420 354 436
327 409 343 425
342 455 358 471
327 437 343 453
375 470 391 486
353 453 369 469
403 480 419 496
387 464 403 480
526 453 542 469
507 443 523 459
555 469 571 485
541 447 557 463
583 479 599 495
564 466 580 482
64 479 80 495
45 461 61 477
733 266 749 282
717 246 733 262
737 295 753 311
722 279 738 295
