23 120 39 136
4 100 20 116
29 146 45 162
17 129 33 145
15 39 31 55
1 26 17 42
28 71 44 87
15 53 31 69
41 103 57 119
21 88 37 104
48 130 64 146
37 109 53 125
62 150 78 166
48 135 64 151
45 46 61 62
33 26 49 42
54 76 70 92
42 59 58 75
71 105 87 121
54 89 70 105
76 127 92 143
59 113 75 129
66 25 82 41
47 7 63 23
75 50 91 66
60 35 76 51
99 27 115 43
83 11 99 27
125 30 141 46
111 13 127 29
108 50 124 66
90 34 106 50
84 76 100 92
71 60 87 76
103 100 119 116
86 86 102 102
115 77 131 93
99 67 115 83
138 58 154 74
125 41 141 57
161 28 177 44
140 12 156 28
164 55 180 71
150 40 166 56
144 83 160 99
128 69 144 85
109 132 125 148
95 119 111 135
89 157 105 173
72 141 88 157
131 140 147 156
119 121 135 137
155 107 171 123
139 96 155 112
46 253 62 269
32 235 48 251
64 231 80 247
50 212 66 228
79 206 95 222
66 191 82 207
99 182 115 198
81 171 97 187
20 251 36 267
2 234 18 250
39 225 55 241
21 214 37 230
55 205 71 221
37 190 53 206
72 182 88 198
56 166 72 182
44 176 60 192
27 156 43 172
19 202 35 218
3 181 19 197
124 164 140 180
108 148 124 164
161 139 177 155
151 127 167 143
22 274 38 290
10 256 26 272
132 183 148 199
113 168 129 184
108 211 124 227
93 192 109 208
93 236 109 252
73 219 89 235
80 261 96 277
64 239 80 255
63 286 79 302
44 271 60 287
39 302 55 318
23 287 39 303
21 334 37 350
11 313 27 329
50 332 66 348
32 318 48 334
70 311 86 327
49 293 65 309
90 286 106 302
68 269 84 285
101 264 117 280
90 244 106 260
126 239 142 255
107 218 123 234
163 194 179 210
147 179 163 195
149 164 165 180
131 148 147 164
168 214 184 230
157 201 173 217
150 239 166 255
132 226 148 242
117 285 133 301
99 275 115 291
97 316 113 332
79 301 95 317
77 334 93 350
64 319 80 335
110 339 126 355
95 319 111 335
123 315 139 331
106 298 122 314
147 291 163 307
132 277 148 293
162 272 178 288
149 250 165 266
129 262 145 278
113 244 129 260
157 320 173 336
140 309 156 325
176 301 192 317
160 279 176 295
142 342 158 358
122 327 138 343
166 347 182 363
155 328 171 344
174 176 190 192
158 159 174 175
364 19 380 35
348 3 364 19
675 34 691 50
654 21 670 37
700 38 716 54
685 19 701 35
683 62 699 78
669 42 685 58
665 88 681 104
650 71 666 87
673 112 689 128
659 94 675 110
690 90 706 106
678 72 694 88
708 61 724 77
697 48 713 64
734 41 750 57
717 21 733 37
747 19 763 35
734 4 750 20
764 35 780 51
749 23 765 39
747 59 763 75
729 47 745 63
722 92 738 108
708 71 724 87
704 112 720 128
689 101 705 117
687 140 703 156
673 121 689 137
673 156 689 172
654 144 670 160
679 190 695 206
661 174 677 190
698 165 714 181
685 146 701 162
718 142 734 158
701 123 717 139
736 117 752 133
721 105 737 121
752 93 768 109
737 78 753 94
772 66 788 82
762 51 778 67
765 122 781 138
752 105 768 121
746 146 762 162
731 125 747 141
731 170 747 186
714 150 730 166
711 192 727 208
694 174 710 190
690 217 706 233
675 203 691 219
671 236 687 252
657 222 673 238
682 266 698 282
666 254 682 270
670 286 686 302
653 270 669 286
708 244 724 260
691 226 707 242
716 219 732 235
704 202 720 218
744 190 760 206
726 179 742 195
764 166 780 182
747 153 763 169
778 145 794 161
766 127 782 143
774 200 790 216
758 184 774 200
757 224 773 240
739 208 755 224
734 249 750 265
717 230 733 246
715 267 731 283
699 254 715 270
697 294 713 310
684 277 700 293
677 310 693 326
661 299 677 315
747 272 763 288
732 257 748 273
767 244 783 260
748 233 764 249
781 230 797 246
762 209 778 225
780 278 796 294
765 260 781 276
758 301 774 317
745 286 761 302
732 298 748 314
712 280 728 296
257 26 273 42
240 6 256 22
243 49 259 65
224 34 240 50
289 26 305 42
271 15 287 31
276 54 292 70
257 32 273 48
254 76 270 92
237 64 253 80
228 103 244 119
215 83 231 99
230 148 246 164
210 133 226 149
243 125 259 141
226 109 242 125
258 99 274 115
244 85 260 101
280 81 296 97
261 65 277 81
300 59 316 75
279 40 295 56
313 33 329 49
299 17 315 33
342 40 358 56
325 19 341 35
331 63 347 79
313 41 329 57
314 81 330 97
296 68 312 84
292 108 308 124
276 90 292 106
273 129 289 145
260 115 276 131
255 151 271 167
237 135 253 151
242 174 258 190
221 162 237 178
244 209 260 225
230 194 246 210
265 181 281 197
249 161 265 177
284 160 300 176
271 140 287 156
300 133 316 149
286 120 302 136
320 110 336 126
308 98 324 114
341 84 357 100
326 73 342 89
358 63 374 79
337 49 353 65
391 19 407 35
380 4 396 20
425 23 441 39
404 10 420 26
404 46 420 62
391 28 407 44
373 45 389 61
359 28 375 44
381 72 397 88
366 54 382 70
369 91 385 107
351 79 367 95
355 117 371 133
338 101 354 117
311 160 327 176
295 146 311 162
288 189 304 205
272 174 288 190
272 213 288 229
257 200 273 216
252 234 268 250
238 219 254 235
239 254 255 270
221 241 237 257
234 303 250 319
215 289 231 305
247 287 263 303
232 271 248 287
264 265 280 281
250 248 266 264
284 244 300 260
271 223 287 239
304 223 320 239
286 201 302 217
323 190 339 206
306 175 322 191
341 165 357 181
325 150 341 166
361 141 377 157
349 125 365 141
380 118 396 134
365 104 381 120
402 96 418 112
384 82 400 98
414 70 430 86
398 59 414 75
434 49 450 65
420 35 436 51
454 30 470 46
442 15 458 31
487 29 503 45
469 18 485 34
459 52 475 68
447 35 463 51
447 74 463 90
430 55 446 71
429 95 445 111
416 83 432 99
415 127 431 143
395 108 411 124
371 166 387 182
356 153 372 169
354 190 370 206
334 179 350 195
335 220 351 236
319 204 335 220
320 240 336 256
302 222 318 238
294 265 310 281
280 254 296 270
278 291 294 307
262 276 278 292
307 290 323 306
293 274 309 290
336 266 352 282
319 248 335 264
351 242 367 258
332 221 348 237
363 216 379 232
348 204 364 220
388 162 404 178
378 151 394 167
416 154 432 170
399 134 415 150
434 134 450 150
419 119 435 135
460 98 476 114
442 79 458 95
478 76 494 92
461 58 477 74
489 54 505 70
475 41 491 57
513 38 529 54
497 18 513 34
535 43 551 59
520 23 536 39
523 65 539 81
507 47 523 63
502 80 518 96
486 65 502 81
487 108 503 124
466 87 482 103
465 126 481 142
451 114 467 130
440 150 456 166
429 135 445 151
429 181 445 197
412 160 428 176
379 187 395 203
365 173 381 189
389 223 405 239
371 209 387 225
377 251 393 267
358 235 374 251
337 297 353 313
316 284 332 300
358 293 374 309
344 276 360 292
378 276 394 292
367 257 383 273
399 252 415 268
383 232 399 248
414 232 430 248
402 217 418 233
438 205 454 221
419 192 435 208
454 184 470 200
437 167 453 183
469 161 485 177
453 146 469 162
495 133 511 149
480 118 496 134
509 114 525 130
496 99 512 115
529 85 545 101
515 73 531 89
547 67 563 83
525 55 541 71
567 47 583 63
551 27 567 43
583 21 599 37
567 4 583 20
614 29 630 45
597 15 613 31
597 51 613 67
577 39 593 55
569 78 585 94
556 60 572 76
558 93 574 109
544 80 560 96
540 117 556 133
523 100 539 116
520 140 536 156
503 124 519 140
504 163 520 179
490 149 506 165
483 190 499 206
466 170 482 186
459 215 475 231
446 199 462 215
447 237 463 253
426 217 442 233
429 257 445 273
409 244 425 260
404 284 420 300
389 265 405 281
389 306 405 322
371 291 387 307
423 313 439 329
405 293 421 309
440 283 456 299
425 270 441 286
455 259 471 275
441 244 457 260
475 237 491 253
460 223 476 239
495 220 511 236
476 199 492 215
509 186 525 202
492 174 508 190
532 169 548 185
517 152 533 168
585 98 601 114
566 82 582 98
606 79 622 95
585 59 601 75
625 56 641 72
603 42 619 58
641 32 657 48
627 14 643 30
651 54 667 70
633 36 649 52
640 86 656 102
623 64 639 80
614 105 630 121
599 87 615 103
592 126 608 142
581 113 597 129
572 121 588 137
552 107 568 123
551 149 567 165
533 133 549 149
577 151 593 167
560 132 576 148
562 172 578 188
541 160 557 176
541 200 557 216
521 180 537 196
519 222 535 238
504 205 520 221
504 245 520 261
489 226 505 242
487 270 503 286
472 254 488 270
469 295 485 311
452 279 468 295
493 298 509 314
477 278 493 294
519 269 535 285
499 256 515 272
535 248 551 264
517 228 533 244
547 225 563 241
534 208 550 224
568 200 584 216
549 187 565 203
587 178 603 194
573 163 589 179
603 155 619 171
591 142 607 158
626 131 642 147
609 117 625 133
641 107 657 123
625 95 641 111
657 134 673 150
642 116 658 132
637 160 653 176
621 144 637 160
617 183 633 199
601 167 617 183
598 205 614 221
581 192 597 208
579 228 595 244
566 215 582 231
560 255 576 271
545 239 561 255
543 274 559 290
528 257 544 273
526 292 542 308
510 278 526 294
557 303 573 319
543 287 559 303
576 279 592 295
561 263 577 279
588 257 604 273
577 240 593 256
613 235 629 251
592 224 608 240
628 214 644 230
616 192 632 208
648 185 664 201
637 164 653 180
656 212 672 228
644 198 660 214
643 239 659 255
625 219 641 235
626 262 642 278
607 243 623 259
598 281 614 297
586 263 602 279
584 304 600 320
570 292 586 308
619 305 635 321
604 291 620 307
634 290 650 306
620 275 636 291
651 264 667 280
634 247 650 263
406 199 422 215
391 186 407 202
217 70 233 86
200 59 216 75
196 94 212 110
180 80 196 96
183 116 199 132
164 100 180 116
194 145 210 161
176 125 192 141
213 125 229 141
192 110 208 126
202 174 218 190
184 160 200 176
187 199 203 215
173 185 189 201
202 227 218 243
182 207 198 223
217 209 233 225
203 192 219 208
188 242 204 258
169 229 185 245
189 269 205 285
174 253 190 269
213 248 229 264
199 237 215 253
230 224 246 240
214 213 230 229
221 279 237 295
210 264 226 280
212 304 228 320
192 286 208 302
36 358 52 374
15 342 31 358
61 358 77 374
43 345 59 361
41 381 57 397
29 363 45 379
23 401 39 417
9 382 25 398
18 449 34 465
4 436 20 452
32 430 48 446
18 417 34 433
50 405 66 421
35 390 51 406
68 393 84 409
49 374 65 390
96 365 112 381
79 346 95 362
124 361 140 377
106 351 122 367
98 394 114 410
86 374 102 390
86 409 102 425
64 396 80 412
62 434 78 450
46 419 62 435
45 455 61 471
33 441 49 457
32 477 48 493
16 465 32 481
21 531 37 547
6 510 22 526
45 502 61 518
28 490 44 506
62 479 78 495
46 469 62 485
76 459 92 475
59 445 75 461
99 438 115 454
80 421 96 437
114 417 130 433
97 400 113 416
126 391 142 407
108 378 124 394
154 368 170 384
133 354 149 370
181 370 197 386
167 353 183 369
139 419 155 435
126 402 142 418
123 443 139 459
112 426 128 442
107 467 123 483
94 449 110 465
93 490 109 506
72 478 88 494
52 535 68 551
33 517 49 533
32 556 48 572
19 540 35 556
42 587 58 603
31 569 47 585
28 610 44 626
11 593 27 609
61 559 77 575
49 547 65 563
80 536 96 552
61 519 77 535
94 520 110 536
83 505 99 521
121 495 137 511
101 481 117 497
138 469 154 485
121 453 137 469
153 442 169 458
140 425 156 441
159 396 175 412
147 379 163 395
210 379 226 395
196 361 212 377
226 350 242 366
207 335 223 351
244 335 260 351
226 318 242 334
269 318 285 334
255 299 271 315
211 329 227 345
197 309 213 325
193 346 209 362
177 328 193 344
279 340 295 356
257 325 273 341
260 361 276 377
245 346 261 362
234 383 250 399
223 367 239 383
204 418 220 434
190 403 206 419
188 444 204 460
171 427 187 443
165 470 181 486
150 457 166 473
151 498 167 514
136 480 152 496
132 522 148 538
114 504 130 520
111 541 127 557
95 523 111 539
88 563 104 579
71 547 87 563
78 591 94 607
58 569 74 585
107 596 123 612
88 578 104 594
123 572 139 588
106 555 122 571
142 548 158 564
122 529 138 545
158 523 174 539
142 509 158 525
175 499 191 515
164 483 180 499
197 473 213 489
186 459 202 475
215 450 231 466
194 438 210 454
219 405 235 421
206 392 222 408
242 460 258 476
228 443 244 459
229 481 245 497
214 467 230 483
205 501 221 517
191 490 207 506
187 534 203 550
168 512 184 528
173 555 189 571
153 535 169 551
152 571 168 587
135 561 151 577
135 593 151 609
122 577 138 593
165 602 181 618
146 583 162 599
186 576 202 592
164 562 180 578
199 551 215 567
182 536 198 552
219 525 235 541
202 513 218 529
238 505 254 521
218 489 234 505
264 511 280 527
248 494 264 510
241 538 257 554
225 519 241 535
232 561 248 577
215 549 231 565
208 578 224 594
197 564 213 580
194 606 210 622
179 590 195 606
267 436 283 452
248 419 264 435
272 392 288 408
251 375 267 391
274 460 290 476
257 443 273 459
260 565 276 581
244 546 260 562
237 585 253 601
221 573 237 589
216 611 232 627
201 595 217 611
266 594 282 610
248 582 264 598
290 314 306 330
277 302 293 318
287 363 303 379
275 346 291 362
310 343 326 359
293 326 309 342
324 321 340 337
306 304 322 320
310 383 326 399
296 369 312 385
332 362 348 378
313 341 329 357
351 349 367 365
340 334 356 350
365 328 381 344
355 309 371 325
400 336 416 352
384 316 400 332
386 357 402 373
372 342 388 358
373 383 389 399
357 362 373 378
354 398 370 414
334 380 350 396
337 416 353 432
321 399 337 415
314 443 330 459
298 421 314 437
290 431 306 447
275 418 291 434
284 541 300 557
268 526 284 542
290 516 306 532
279 499 295 515
306 490 322 506
289 476 305 492
330 472 346 488
312 451 328 467
341 448 357 464
322 434 338 450
359 429 375 445
346 409 362 425
382 407 398 423
361 385 377 401
399 379 415 395
379 364 395 380
412 358 428 374
402 339 418 355
431 337 447 353
414 317 430 333
453 315 469 331
436 298 452 314
477 315 493 331
459 301 475 317
460 336 476 352
443 321 459 337
440 360 456 376
430 343 446 359
424 381 440 397
408 367 424 383
410 409 426 425
396 394 412 410
393 432 409 448
381 416 397 432
370 453 386 469
353 438 369 454
354 479 370 495
339 466 355 482
337 502 353 518
324 486 340 502
321 523 337 539
300 503 316 519
309 543 325 559
293 523 309 539
285 567 301 583
273 553 289 569
296 600 312 616
284 580 300 596
315 569 331 585
297 553 313 569
329 549 345 565
311 531 327 547
349 525 365 541
334 507 350 523
366 503 382 519
353 488 369 504
384 482 400 498
373 467 389 483
404 459 420 475
383 444 399 460
420 438 436 454
401 422 417 438
439 414 455 430
423 400 439 416
452 389 468 405
438 373 454 389
473 363 489 379
457 350 473 366
495 345 511 361
475 325 491 341
508 318 524 334
493 300 509 316
534 324 550 340
521 306 537 322
525 351 541 367
508 333 524 349
502 372 518 388
489 356 505 372
482 397 498 413
469 383 485 399
469 418 485 434
453 402 469 418
446 439 462 455
430 420 446 436
435 467 451 483
417 449 433 465
411 484 427 500
396 472 412 488
395 509 411 525
378 492 394 508
381 529 397 545
360 514 376 530
358 558 374 574
342 541 358 557
344 581 360 597
324 564 340 580
322 605 338 621
305 584 321 600
354 606 370 622
335 585 351 601
370 577 386 593
355 563 371 579
393 553 409 569
375 543 391 559
412 535 428 551
394 522 410 538
422 511 438 527
407 495 423 511
442 493 458 509
425 477 441 493
464 467 480 483
443 452 459 468
481 447 497 463
467 429 483 445
496 424 512 440
482 403 498 419
514 397 530 413
501 383 517 399
529 378 545 394
513 358 529 374
555 355 571 371
540 340 556 356
571 329 587 345
549 310 565 326
578 356 594 372
562 340 578 356
559 382 575 398
546 363 562 379
543 401 559 417
531 386 547 402
524 431 540 447
510 412 526 428
513 451 529 467
496 432 512 448
495 469 511 485
477 451 493 467
475 498 491 514
460 480 476 496
454 517 470 533
439 499 455 515
437 542 453 558
419 528 435 544
419 564 435 580
404 543 420 559
400 582 416 598
385 566 401 582
383 608 399 624
367 593 383 609
417 607 433 623
397 589 413 605
432 587 448 603
421 569 437 585
452 571 468 587
437 549 453 565
466 549 482 565
455 532 471 548
488 527 504 543
468 508 484 524
502 495 518 511
492 479 508 495
525 478 541 494
506 463 522 479
540 454 556 470
526 440 542 456
561 428 577 444
540 412 556 428
570 415 586 431
556 398 572 414
590 383 606 399
576 373 592 389
608 367 624 383
594 348 610 364
627 338 643 354
614 323 630 339
646 314 662 330
629 292 645 308
663 338 679 354
647 321 663 337
644 365 660 381
626 350 642 366
622 389 638 405
605 373 621 389
603 411 619 427
586 398 602 414
586 437 602 453
569 420 585 436
569 458 585 474
552 440 568 456
513 522 529 538
498 508 514 524
499 545 515 561
479 534 495 550
481 572 497 588
467 553 483 569
461 595 477 611
449 581 465 597
533 503 549 519
519 482 535 498
490 596 506 612
480 582 496 598
527 551 543 567
511 535 527 551
541 525 557 541
528 511 544 527
565 505 581 521
549 492 565 508
579 487 595 503
566 469 582 485
598 460 614 476
582 445 598 461
548 483 564 499
535 464 551 480
615 441 631 457
603 426 619 442
633 420 649 436
620 404 636 420
653 391 669 407
638 378 654 394
670 364 686 380
657 350 673 366
694 345 710 361
678 332 694 348
683 399 699 415
666 378 682 394
664 423 680 439
648 408 664 424
646 446 662 462
630 425 646 441
624 471 640 487
612 455 628 471
601 494 617 510
591 474 607 490
594 514 610 530
577 499 593 515
558 558 574 574
540 542 556 558
539 583 555 599
524 561 540 577
509 575 525 591
497 559 513 575
574 529 590 545
560 517 576 533
551 603 567 619
536 590 552 606
569 586 585 602
554 568 570 584
582 561 598 577
565 546 581 562
605 541 621 557
589 521 605 537
624 514 640 530
604 496 620 512
624 496 640 512
609 483 625 499
661 474 677 490
639 458 655 474
672 446 688 462
656 428 672 444
698 420 714 436
680 403 696 419
688 471 704 487
672 457 688 473
672 501 688 517
655 483 671 499
653 516 669 532
640 505 656 521
635 542 651 558
619 523 635 539
616 565 632 581
596 553 612 569
601 587 617 603
582 568 598 584
632 595 648 611
617 578 633 594
645 573 661 589
632 559 648 575
668 543 684 559
649 529 665 545
684 524 700 540
666 511 682 527
679 574 695 590
661 564 677 580
711 324 727 340
692 303 708 319
699 371 715 387
684 359 700 375
717 352 733 368
701 330 717 346
743 321 759 337
726 302 742 318
713 404 729 420
696 387 712 403
731 374 747 390
720 357 736 373
767 332 783 348
752 312 768 328
707 446 723 462
690 436 706 452
722 426 738 442
710 415 726 431
738 408 754 424
722 393 738 409
762 378 778 394
746 368 762 384
778 360 794 376
762 350 778 366
703 499 719 515
686 480 702 496
713 474 729 490
697 458 713 474
738 457 754 473
721 441 737 457
751 431 767 447
739 416 755 432
782 436 798 452
764 418 780 434
762 456 778 472
751 439 767 455
743 483 759 499
726 465 742 481
709 526 725 542
695 513 711 529
694 548 710 564
683 532 699 548
706 582 722 598
685 567 701 583
718 555 734 571
700 541 716 557
737 533 753 549
720 519 736 535
757 514 773 530
746 494 762 510
733 500 749 516
714 486 730 502
774 490 790 506
760 476 776 492
767 537 783 553
756 519 772 535
753 558 769 574
732 543 748 559
733 579 749 595
720 565 736 581
720 604 736 620
702 588 718 604
762 593 778 609
745 572 761 588
772 402 788 418
759 389 775 405
751 354 767 370
736 332 752 348
771 618 787 634
759 599 775 615
757 645 773 661
745 627 761 643
775 691 791 707
765 675 781 691
760 711 776 727
746 696 762 712
764 671 780 687
748 650 764 666
776 743 792 759
754 730 770 746
751 772 767 788
740 756 756 772
783 769 799 785
767 755 783 771
338 626 354 642
319 611 335 627
361 633 377 649
347 614 363 630
348 656 364 672
333 637 349 653
332 678 348 694
320 661 336 677
331 727 347 743
314 707 330 723
345 701 361 717
327 685 343 701
