224 240 64 80
107 123 270 286
181 197 13 29
230 246 106 122
69 85 248 264
183 199 93 109
158 174 216 232
57 73 93 109
137 153 114 130
86 102 74 90
203 219 178 194
143 159 16 32
220 236 27 43
75 91 157 173
248 264 245 261
45 61 19 35
39 55 87 103
251 267 270 286
172 188 147 163
66 82 36 52
236 252 94 110
199 215 141 157
239 255 226 242
68 84 259 275
243 259 134 150
208 224 13 29
174 190 17 33
169 185 77 93
165 181 219 235
187 203 47 63
9 25 160 176
217 233 124 140
241 257 263 279
30 46 244 260
30 46 220 236
219 235 56 72
249 265 153 169
186 202 274 290
211 227 275 291
24 40 247 263
158 174 48 64
235 251 271 287
110 126 102 118
190 206 221 237
213 229 48 64
43 59 251 267
267 283 239 255
53 69 260 276
30 46 143 159
119 135 24 40
84 100 208 224
104 120 28 44
228 244 264 280
260 276 199 215
187 203 219 235
119 135 11 27
159 175 156 172
231 247 252 268
80 96 247 263
107 123 92 108
46 62 255 271
153 169 152 168
231 247 223 239
77 93 103 119
137 153 216 232
194 210 62 78
95 111 153 169
175 191 234 250
28 44 253 269
129 145 233 249
51 67 183 199
249 265 263 279
34 50 223 239
225 241 106 122
109 125 197 213
241 257 129 145
72 88 60 76
185 201 53 69
146 162 43 59
195 211 33 49
183 199 124 140
39 55 9 25
251 267 218 234
92 108 28 44
19 35 265 281
101 117 115 131
16 32 24 40
230 246 150 166
193 209 161 177
151 167 73 89
147 163 267 283
109 125 263 279
111 127 9 25
11 27 154 170
138 154 85 101
251 267 90 106
134 150 209 225
15 31 127 143
133 149 174 190
133 149 21 37
32 48 142 158
223 239 10 26
244 260 163 179
193 209 114 130
210 226 64 80
56 72 39 55
211 227 167 183
134 150 147 163
221 237 29 45
270 286 238 254
33 49 239 255
174 190 173 189
179 195 174 190
204 220 174 190
9 25 70 86
27 43 31 47
81 97 157 173
270 286 119 135
84 100 55 71
61 77 83 99
73 89 240 256
235 251 253 269
125 141 245 261
224 240 241 257
78 94 68 84
11 27 190 206
41 57 101 117
238 254 103 119
155 171 224 240
124 140 211 227
108 124 70 86
62 78 173 189
145 161 141 157
244 260 176 192
34 50 132 148
35 51 84 100
159 175 193 209
12 28 130 146
126 142 275 291
251 267 245 261
108 124 189 205
215 231 91 107
13 29 170 186
50 66 140 156
59 75 230 246
70 86 83 99
241 257 222 238
227 243 217 233
134 150 186 202
274 290 150 166
102 118 75 91
29 45 261 277
126 142 246 262
33 49 59 75
88 104 23 39
43 59 134 150
95 111 122 138
147 163 258 274
186 202 111 127
173 189 192 208
220 236 203 219
43 59 212 228
99 115 135 151
98 114 45 61
25 41 209 225
132 148 64 80
166 182 111 127
99 115 271 287
20 36 55 71
57 73 93 109
167 183 270 286
164 180 240 256
146 162 80 96
184 200 79 95
123 139 194 210
58 74 148 164
235 251 127 143
166 182 42 58
152 168 188 204
252 268 253 269
204 220 204 220
151 167 22 38
149 165 79 95
26 42 147 163
177 193 31 47
203 219 229 245
120 136 148 164
154 170 13 29
59 75 117 133
260 276 81 97
142 158 147 163
114 130 227 243
118 134 130 146
34 50 194 210
45 61 129 145
249 265 225 241
218 234 25 41
150 166 114 130
275 291 198 214
262 278 182 198
140 156 84 100
12 28 166 182
171 187 79 95
116 132 190 206
237 253 106 122
118 134 272 288
84 100 238 254
154 170 105 121
19 35 181 197
135 151 266 282
198 214 114 130
27 43 242 258
235 251 262 278
211 227 191 207
269 285 206 222
157 173 41 57
118 134 180 196
26 42 183 199
150 166 41 57
63 79 245 261
101 117 82 98
73 89 165 181
108 124 148 164
200 216 100 116
218 234 173 189
254 270 21 37
52 68 40 56
34 50 114 130
142 158 247 263
102 118 45 61
9 25 169 185
185 201 222 238
155 171 21 37
36 52 65 81
118 134 201 217
170 186 189 205
171 187 132 148
193 209 62 78
29 45 54 70
150 166 31 47
102 118 262 278
83 99 258 274
92 108 53 69
86 102 261 277
145 161 84 100
59 75 228 244
30 46 204 220
97 113 40 56
262 278 146 162
76 92 96 112
231 247 53 69
208 224 272 288
118 134 233 249
22 38 67 83
16 32 23 39
269 285 233 249
168 184 266 282
234 250 30 46
129 145 182 198
171 187 233 249
149 165 51 67
273 289 124 140
254 270 64 80
65 81 263 279
29 45 201 217
58 74 49 65
149 165 243 259
15 31 147 163
225 241 181 197
259 275 268 284
210 226 179 195
88 104 98 114
239 255 131 147
90 106 180 196
34 50 86 102
189 205 165 181
212 228 263 279
260 276 174 190
255 271 136 152
121 137 91 107
185 201 42 58
187 203 95 111
266 282 170 186
251 267 135 151
230 246 139 155
198 214 251 267
39 55 220 236
236 252 199 215
181 197 190 206
41 57 161 177
213 229 60 76
83 99 215 231
138 154 87 103
221 237 143 159
147 163 181 197
150 166 221 237
124 140 233 249
233 249 35 51
199 215 134 150
219 235 174 190
118 134 185 201
77 93 130 146
200 216 104 120
93 109 174 190
144 160 162 178
270 286 120 136
157 173 95 111
221 237 130 146
57 73 239 255
32 48 23 39
250 266 176 192
58 74 226 242
210 226 116 132
218 234 77 93
203 219 177 193
257 273 41 57
29 45 100 116
136 152 220 236
99 115 25 41
76 92 59 75
84 100 158 174
67 83 189 205
114 130 105 121
98 114 84 100
65 81 17 33
103 119 261 277
147 163 127 143
102 118 17 33
91 107 42 58
182 198 16 32
79 95 201 217
30 46 142 158
260 276 15 31
173 189 132 148
144 160 119 135
63 79 195 211
77 93 205 221
208 224 89 105
13 29 48 64
185 201 200 216
182 198 204 220
99 115 217 233
20 36 49 65
189 205 108 124
97 113 21 37
273 289 13 29
161 177 66 82
72 88 200 216
77 93 18 34
160 176 56 72
31 47 274 290
229 245 21 37
137 153 82 98
225 241 95 111
181 197 131 147
94 110 122 138
29 45 256 272
48 64 214 230
185 201 187 203
153 169 197 213
118 134 246 262
74 90 10 26
43 59 47 63
252 268 90 106
50 66 189 205
118 134 58 74
81 97 58 74
84 100 16 32
151 167 245 261
81 97 94 110
154 170 171 187
258 274 74 90
25 41 85 101
40 56 177 193
20 36 194 210
167 183 84 100
56 72 51 67
34 50 207 223
139 155 52 68
142 158 22 38
137 153 217 233
126 142 14 30
257 273 30 46
259 275 77 93
185 201 150 166
164 180 78 94
275 291 228 244
219 235 241 257
90 106 214 230
76 92 205 221
217 233 141 157
11 27 32 48
239 255 65 81
209 225 52 68
61 77 64 80
203 219 236 252
72 88 224 240
172 188 216 232
124 140 53 69
196 212 145 161
258 274 87 103
190 206 68 84
210 226 175 191
160 176 147 163
213 229 104 120
150 166 187 203
19 35 96 112
35 51 67 83
259 275 166 182
92 108 192 208
200 216 90 106
168 184 140 156
142 158 270 286
194 210 81 97
37 53 64 80
205 221 275 291
221 237 273 289
132 148 263 279
214 230 215 231
201 217 85 101
267 283 158 174
258 274 74 90
136 152 24 40
178 194 219 235
9 25 95 111
157 173 173 189
65 81 273 289
33 49 100 116
234 250 260 276
251 267 249 265
193 209 30 46
255 271 119 135
67 83 227 243
273 289 257 273
116 132 254 270
241 257 97 113
10 26 202 218
236 252 200 216
85 101 47 63
88 104 250 266
189 205 92 108
67 83 161 177
149 165 25 41
27 43 246 262
211 227 149 165
155 171 223 239
78 94 125 141
243 259 161 177
105 121 133 149
106 122 143 159
83 99 100 116
137 153 181 197
88 104 242 258
48 64 42 58
32 48 213 229
130 146 40 56
193 209 263 279
167 183 126 142
195 211 78 94
253 269 251 267
106 122 186 202
51 67 68 84
89 105 86 102
140 156 256 272
235 251 109 125
146 162 78 94
188 204 181 197
87 103 36 52
257 273 65 81
145 161 29 45
186 202 218 234
244 260 84 100
204 220 230 246
96 112 88 104
243 259 199 215
22 38 60 76
233 249 94 110
106 122 158 174
34 50 209 225
67 83 16 32
76 92 174 190
140 156 28 44
100 116 87 103
145 161 154 170
129 145 209 225
39 55 118 134
240 256 92 108
226 242 110 126
238 254 128 144
67 83 118 134
46 62 205 221
61 77 211 227
60 76 21 37
131 147 105 121
43 59 182 198
98 114 175 191
133 149 11 27
57 73 180 196
36 52 210 226
88 104 166 182
57 73 269 285
71 87 262 278
141 157 69 85
152 168 77 93
123 139 73 89
149 165 123 139
23 39 213 229
260 276 100 116
194 210 252 268
12 28 203 219
254 270 125 141
126 142 62 78
232 248 155 171
109 125 176 192
69 85 179 195
159 175 122 138
100 116 116 132
33 49 71 87
275 291 54 70
212 228 248 264
103 119 66 82
137 153 144 160
224 240 16 32
99 115 193 209
151 167 259 275
139 155 172 188
226 242 206 222
240 256 243 259
48 64 257 273
46 62 214 230
261 277 230 246
104 120 234 250
233 249 94 110
164 180 191 207
40 56 59 75
51 67 216 232
74 90 192 208
174 190 67 83
48 64 92 108
96 112 59 75
175 191 238 254
206 222 106 122
217 233 207 223
139 155 99 115
48 64 128 144
91 107 81 97
95 111 157 173
10 26 122 138
62 78 138 154
165 181 95 111
189 205 207 223
35 51 266 282
159 175 238 254
270 286 26 42
147 163 236 252
127 143 49 65
10 26 153 169
55 71 29 45
93 109 17 33
229 245 125 141
204 220 167 183
80 96 60 76
66 82 225 241
28 44 191 207
145 161 260 276
74 90 163 179
135 151 37 53
42 58 77 93
181 197 266 282
204 220 132 148
228 244 38 54
149 165 191 207
97 113 131 147
33 49 102 118
17 33 103 119
58 74 91 107
267 283 176 192
34 50 233 249
80 96 233 249
73 89 56 72
53 69 252 268
163 179 32 48
76 92 235 251
166 182 207 223
41 57 29 45
148 164 78 94
35 51 252 268
192 208 242 258
57 73 240 256
201 217 234 250
109 125 172 188
169 185 235 251
40 56 259 275
76 92 105 121
220 236 26 42
178 194 246 262
181 197 254 270
126 142 105 121
33 49 39 55
28 44 19 35
159 175 80 96
95 111 170 186
192 208 91 107
35 51 194 210
237 253 260 276
193 209 18 34
122 138 191 207
155 171 205 221
163 179 122 138
208 224 208 224
242 258 199 215
123 139 138 154
223 239 193 209
252 268 156 172
150 166 187 203
273 289 76 92
150 166 28 44
19 35 225 241
189 205 160 176
148 164 189 205
256 272 153 169
179 195 239 255
131 147 129 145
91 107 66 82
221 237 129 145
125 141 234 250
97 113 260 276
77 93 10 26
46 62 96 112
158 174 117 133
34 50 208 224
84 100 188 204
213 229 143 159
272 288 142 158
227 243 206 222
146 162 97 113
22 38 12 28
169 185 149 165
272 288 231 247
106 122 165 181
186 202 129 145
170 186 41 57
135 151 217 233
108 124 113 129
222 238 40 56
113 129 274 290
224 240 243 259
156 172 183 199
203 219 145 161
185 201 207 223
250 266 131 147
128 144 179 195
140 156 130 146
85 101 239 255
112 128 222 238
161 177 81 97
33 49 39 55
54 70 105 121
273 289 200 216
63 79 143 159
114 130 73 89
32 48 231 247
42 58 56 72
259 275 139 155
111 127 236 252
24 40 271 287
139 155 9 25
13 29 50 66
139 155 240 256
224 240 138 154
140 156 215 231
180 196 51 67
44 60 123 139
22 38 79 95
249 265 224 240
104 120 69 85
192 208 69 85
131 147 95 111
166 182 156 172
206 222 63 79
80 96 41 57
246 262 243 259
22 38 226 242
143 159 132 148
43 59 201 217
56 72 112 128
190 206 54 70
172 188 101 117
260 276 259 275
196 212 21 37
207 223 73 89
50 66 158 174
161 177 95 111
237 253 180 196
136 152 246 262
265 281 135 151
112 128 68 84
162 178 184 200
269 285 229 245
189 205 37 53
231 247 272 288
256 272 214 230
115 131 275 291
69 85 225 241
113 129 61 77
200 216 229 245
148 164 159 175
113 129 166 182
90 106 67 83
121 137 260 276
92 108 83 99
78 94 81 97
57 73 141 157
207 223 241 257
54 70 130 146
83 99 202 218
218 234 143 159
202 218 258 274
99 115 269 285
205 221 203 219
111 127 250 266
129 145 17 33
10 26 71 87
203 219 114 130
108 124 71 87
143 159 147 163
100 116 178 194
196 212 203 219
125 141 218 234
26 42 209 225
27 43 151 167
62 78 186 202
13 29 119 135
29 45 48 64
103 119 122 138
90 106 138 154
202 218 178 194
163 179 75 91
178 194 120 136
78 94 17 33
177 193 246 262
178 194 218 234
227 243 142 158
64 80 131 147
162 178 230 246
73 89 18 34
117 133 273 289
205 221 206 222
272 288 17 33
185 201 126 142
178 194 91 107
19 35 20 36
235 251 168 184
165 181 236 252
179 195 75 91
238 254 124 140
147 163 19 35
222 238 48 64
171 187 115 131
92 108 212 228
120 136 273 289
222 238 226 242
250 266 117 133
212 228 171 187
10 26 43 59
202 218 272 288
70 86 89 105
20 36 127 143
150 166 16 32
142 158 78 94
247 263 131 147
274 290 237 253
62 78 49 65
130 146 106 122
28 44 74 90
38 54 141 157
228 244 108 124
49 65 139 155
145 161 213 229
200 216 216 232
194 210 56 72
185 201 109 125
260 276 102 118
127 143 62 78
21 37 32 48
235 251 139 155
269 285 128 144
60 76 151 167
47 63 78 94
157 173 157 173
147 163 211 227
125 141 28 44
46 62 40 56
92 108 100 116
41 57 99 115
173 189 217 233
160 176 198 214
177 193 15 31
183 199 158 174
65 81 83 99
176 192 102 118
46 62 254 270
249 265 253 269
73 89 257 273
153 169 19 35
119 135 175 191
252 268 233 249
255 271 170 186
58 74 28 44
188 204 257 273
178 194 28 44
91 107 136 152
182 198 119 135
68 84 62 78
50 66 125 141
233 249 209 225
248 264 32 48
140 156 121 137
55 71 24 40
15 31 196 212
271 287 159 175
107 123 174 190
91 107 259 275
233 249 238 254
113 129 235 251
62 78 140 156
102 118 246 262
271 287 100 116
48 64 237 253
137 153 122 138
50 66 143 159
110 126 271 287
134 150 70 86
196 212 106 122
101 117 136 152
164 180 219 235
214 230 12 28
71 87 44 60
125 141 148 164
181 197 230 246
261 277 65 81
83 99 88 104
85 101 26 42
46 62 231 247
153 169 155 171
74 90 29 45
210 226 248 264
104 120 144 160
235 251 142 158
127 143 223 239
26 42 194 210
135 151 112 128
28 44 42 58
176 192 262 278
52 68 90 106
199 215 266 282
81 97 84 100
142 158 155 171
211 227 264 280
250 266 177 193
19 35 155 171
24 40 170 186
67 83 174 190
84 100 118 134
130 146 100 116
42 58 259 275
58 74 124 140
53 69 109 125
59 75 57 73
102 118 177 193
149 165 175 191
9 25 145 161
118 134 200 216
138 154 252 268
86 102 222 238
174 190 171 187
163 179 64 80
263 279 132 148
139 155 87 103
60 76 86 102
172 188 153 169
92 108 156 172
224 240 118 134
183 199 246 262
68 84 190 206
132 148 30 46
149 165 238 254
46 62 114 130
232 248 69 85
115 131 228 244
105 121 37 53
84 100 211 227
153 169 203 219
217 233 56 72
86 102 73 89
57 73 181 197
31 47 218 234
258 274 126 142
105 121 263 279
248 264 81 97
127 143 83 99
251 267 30 46
235 251 158 174
173 189 169 185
208 224 114 130
57 73 144 160
79 95 229 245
122 138 109 125
62 78 257 273
145 161 89 105
15 31 38 54
256 272 175 191
140 156 116 132
62 78 137 153
138 154 235 251
249 265 65 81
66 82 78 94
26 42 27 43
191 207 159 175
51 67 206 222
12 28 253 269
100 116 47 63
58 74 181 197
173 189 223 239
115 131 26 42
273 289 32 48
208 224 116 132
260 276 256 272
231 247 263 279
129 145 131 147
266 282 169 185
167 183 75 91
50 66 132 148
65 81 45 61
25 41 161 177
182 198 40 56
18 34 180 196
175 191 132 148
68 84 42 58
104 120 228 244
80 96 198 214
182 198 118 134
163 179 163 179
196 212 51 67
101 117 260 276
180 196 221 237
216 232 183 199
255 271 41 57
148 164 84 100
19 35 28 44
52 68 167 183
257 273 150 166
99 115 247 263
157 173 238 254
10 26 37 53
199 215 87 103
109 125 39 55
94 110 42 58
193 209 166 182
125 141 122 138
104 120 185 201
187 203 78 94
140 156 232 248
144 160 199 215
30 46 271 287
120 136 79 95
221 237 238 254
112 128 198 214
75 91 11 27
216 232 221 237
72 88 192 208
21 37 182 198
211 227 118 134
143 159 102 118
84 100 174 190
271 287 86 102
187 203 99 115
253 269 236 252
267 283 118 134
83 99 209 225
118 134 186 202
58 74 70 86
172 188 36 52
24 40 74 90
113 129 142 158
189 205 119 135
203 219 192 208
26 42 215 231
167 183 15 31
102 118 95 111
95 111 40 56
10 26 127 143
117 133 225 241
245 261 236 252
23 39 178 194
176 192 118 134
27 43 120 136
238 254 247 263
224 240 74 90
9 25 162 178
116 132 130 146
42 58 197 213
264 280 272 288
248 264 231 247
178 194 273 289
125 141 216 232
200 216 112 128
28 44 207 223
43 59 24 40
199 215 193 209
202 218 241 257
10 26 58 74
238 254 107 123
111 127 56 72
62 78 129 145
83 99 62 78
187 203 131 147
58 74 71 87
219 235 227 243
78 94 271 287
269 285 158 174
45 61 140 156
169 185 201 217
159 175 160 176
231 247 152 168
258 274 113 129
225 241 118 134
40 56 216 232
82 98 11 27
54 70 247 263
140 156 69 85
237 253 65 81
75 91 160 176
24 40 232 248
148 164 104 120
128 144 44 60
100 116 22 38
76 92 59 75
267 283 189 205
99 115 218 234
137 153 151 167
120 136 138 154
248 264 246 262
70 86 96 112
107 123 197 213
123 139 217 233
75 91 45 61
263 279 200 216
271 287 198 214
83 99 189 205
22 38 31 47
70 86 131 147
66 82 263 279
265 281 215 231
31 47 134 150
94 110 249 265
126 142 258 274
242 258 106 122
78 94 198 214
152 168 208 224
264 280 270 286
43 59 22 38
246 262 80 96
267 283 53 69
269 285 236 252
115 131 10 26
193 209 145 161
193 209 48 64
94 110 168 184
203 219 124 140
252 268 229 245
248 264 53 69
186 202 136 152
160 176 67 83
194 210 233 249
262 278 205 221
189 205 146 162
14 30 212 228
269 285 85 101
76 92 216 232
205 221 188 204
134 150 15 31
131 147 242 258
10 26 52 68
202 218 65 81
238 254 62 78
71 87 117 133
122 138 154 170
