103 119 438 454
302 318 393 409
307 323 204 220
160 176 234 250
140 156 372 388
469 485 163 179
65 81 285 301
317 333 337 353
181 197 51 67
302 318 185 201
347 363 271 287
454 470 45 61
93 109 28 44
49 65 65 81
459 475 380 396
165 181 343 359
214 230 452 468
11 27 275 291
201 217 404 420
58 74 363 379
204 220 192 208
138 154 258 274
239 255 373 389
216 232 92 108
469 485 27 43
286 302 327 343
229 245 86 102
327 343 78 94
112 128 142 158
180 196 418 434
27 43 308 324
330 346 312 328
419 435 289 305
406 422 40 56
412 428 47 63
23 39 206 222
386 402 358 374
265 281 243 259
329 345 219 235
79 95 362 378
90 106 157 173
103 119 384 400
230 246 279 295
342 358 261 277
67 83 277 293
420 436 449 465
138 154 413 429
235 251 345 361
42 58 249 265
111 127 154 170
391 407 224 240
108 124 367 383
394 410 433 449
227 243 38 54
358 374 342 358
374 390 376 392
36 52 182 198
122 138 386 402
373 389 26 42
420 436 34 50
330 346 200 216
156 172 56 72
216 232 276 292
193 209 326 342
27 43 377 393
398 414 26 42
252 268 207 223
173 189 150 166
385 401 381 397
301 317 314 330
450 466 221 237
90 106 9 25
376 392 41 57
116 132 473 489
343 359 354 370
308 324 12 28
199 215 268 284
448 464 396 412
442 458 45 61
247 263 170 186
178 194 300 316
14 30 443 459
205 221 76 92
366 382 332 348
308 324 136 152
23 39 222 238
285 301 177 193
445 461 286 302
475 491 172 188
300 316 35 51
279 295 395 411
117 133 330 346
280 296 293 309
238 254 98 114
130 146 199 215
436 452 288 304
229 245 48 64
246 262 125 141
460 476 307 323
417 433 128 144
391 407 43 59
151 167 427 443
347 363 162 178
230 246 182 198
414 430 136 152
32 48 250 266
98 114 352 368
310 326 152 168
63 79 128 144
319 335 471 487
267 283 157 173
212 228 124 140
85 101 437 453
373 389 77 93
262 278 168 184
107 123 51 67
452 468 221 237
469 485 407 423
261 277 435 451
57 73 166 182
454 470 351 367
399 415 246 262
461 477 294 310
450 466 109 125
377 393 205 221
44 60 394 410
90 106 83 99
22 38 392 408
395 411 380 396
9 25 21 37
272 288 63 79
60 76 234 250
172 188 439 455
452 468 323 339
396 412 448 464
138 154 219 235
108 124 113 129
83 99 297 313
394 410 263 279
22 38 245 261
264 280 434 450
91 107 202 218
212 228 158 174
37 53 181 197
421 437 318 334
131 147 163 179
232 248 118 134
332 348 182 198
106 122 218 234
289 305 323 339
391 407 376 392
17 33 352 368
374 390 311 327
39 55 321 337
171 187 345 361
463 479 474 490
433 449 25 41
368 384 316 332
84 100 9 25
102 118 91 107
473 489 370 386
73 89 189 205
174 190 9 25
74 90 40 56
414 430 153 169
346 362 45 61
14 30 39 55
192 208 51 67
143 159 43 59
470 486 257 273
91 107 159 175
358 374 354 370
324 340 74 90
289 305 369 385
289 305 13 29
269 285 27 43
196 212 430 446
195 211 260 276
466 482 394 410
204 220 420 436
375 391 368 384
405 421 118 134
359 375 55 71
408 424 95 111
115 131 193 209
287 303 155 171
97 113 206 222
409 425 40 56
318 334 53 69
419 435 70 86
207 223 82 98
62 78 105 121
21 37 310 326
248 264 36 52
346 362 78 94
105 121 409 425
130 146 345 361
385 401 390 406
355 371 121 137
467 483 324 340
271 287 222 238
443 459 442 458
123 139 451 467
84 100 346 362
426 442 305 321
332 348 351 367
436 452 149 165
453 469 83 99
463 479 73 89
288 304 461 477
406 422 276 292
446 462 152 168
351 367 438 454
371 387 13 29
89 105 101 117
396 412 471 487
80 96 326 342
56 72 453 469
266 282 66 82
243 259 99 115
459 475 375 391
340 356 233 249
12 28 58 74
409 425 132 148
116 132 157 173
147 163 465 481
239 255 350 366
444 460 158 174
213 229 27 43
191 207 259 275
237 253 167 183
335 351 128 144
309 325 406 422
366 382 223 239
56 72 399 415
411 427 304 320
172 188 277 293
34 50 325 341
118 134 10 26
289 305 268 284
361 377 64 80
235 251 133 149
445 461 46 62
77 93 285 301
185 201 123 139
75 91 455 471
243 259 228 244
355 371 346 362
429 445 59 75
341 357 282 298
386 402 159 175
139 155 52 68
381 397 175 191
467 483 301 317
114 130 475 491
189 205 215 231
51 67 278 294
334 350 25 41
223 239 272 288
252 268 323 339
43 59 33 49
28 44 232 248
412 428 470 486
126 142 198 214
442 458 143 159
439 455 361 377
94 110 331 347
130 146 344 360
215 231 279 295
189 205 325 341
272 288 146 162
385 401 217 233
285 301 61 77
40 56 284 300
12 28 408 424
126 142 111 127
444 460 145 161
329 345 12 28
60 76 286 302
462 478 309 325
370 386 334 350
240 256 158 174
35 51 286 302
403 419 470 486
120 136 44 60
103 119 431 447
428 444 38 54
274 290 227 243
442 458 465 481
466 482 177 193
408 424 470 486
267 283 326 342
132 148 247 263
340 356 464 480
335 351 58 74
62 78 443 459
152 168 354 370
453 469 21 37
172 188 381 397
267 283 443 459
168 184 338 354
108 124 443 459
81 97 75 91
35 51 295 311
143 159 176 192
39 55 346 362
450 466 57 73
246 262 62 78
287 303 366 382
180 196 100 116
392 408 352 368
354 370 131 147
57 73 348 364
50 66 270 286
48 64 254 270
285 301 418 434
85 101 458 474
215 231 329 345
96 112 167 183
369 385 404 420
285 301 50 66
82 98 413 429
155 171 413 429
205 221 269 285
305 321 290 306
363 379 274 290
43 59 418 434
190 206 290 306
153 169 454 470
267 283 333 349
261 277 439 455
329 345 44 60
196 212 176 192
353 369 413 429
400 416 47 63
441 457 413 429
331 347 294 310
224 240 318 334
208 224 34 50
74 90 235 251
366 382 228 244
245 261 24 40
370 386 45 61
277 293 359 375
267 283 47 63
460 476 227 243
290 306 176 192
224 240 88 104
46 62 135 151
427 443 327 343
314 330 29 45
132 148 473 489
385 401 248 264
116 132 425 441
231 247 305 321
244 260 277 293
107 123 134 150
225 241 323 339
203 219 326 342
277 293 9 25
275 291 115 131
358 374 88 104
241 257 276 292
454 470 162 178
406 422 60 76
441 457 440 456
70 86 398 414
59 75 251 267
475 491 299 315
373 389 30 46
355 371 354 370
318 334 252 268
248 264 407 423
260 276 15 31
198 214 374 390
178 194 197 213
306 322 30 46
178 194 348 364
396 412 171 187
418 434 199 215
289 305 240 256
166 182 36 52
457 473 108 124
41 57 48 64
263 279 89 105
166 182 207 223
462 478 57 73
356 372 9 25
131 147 305 321
306 322 359 375
92 108 363 379
191 207 211 227
212 228 243 259
29 45 171 187
315 331 225 241
231 247 419 435
470 486 145 161
160 176 407 423
162 178 136 152
209 225 200 216
296 312 199 215
450 466 295 311
61 77 171 187
126 142 236 252
302 318 327 343
124 140 253 269
136 152 469 485
18 34 402 418
215 231 94 110
309 325 230 246
116 132 346 362
107 123 69 85
282 298 329 345
440 456 372 388
132 148 456 472
425 441 359 375
23 39 141 157
151 167 73 89
235 251 339 355
265 281 292 308
29 45 380 396
364 380 314 330
313 329 438 454
443 459 185 201
267 283 312 328
462 478 416 432
300 316 444 460
421 437 406 422
64 80 340 356
410 426 241 257
226 242 391 407
189 205 273 289
37 53 25 41
121 137 184 200
185 201 280 296
337 353 232 248
212 228 217 233
445 461 153 169
80 96 158 174
83 99 175 191
281 297 217 233
377 393 171 187
467 483 246 262
251 267 239 255
442 458 254 270
334 350 447 463
118 134 210 226
147 163 470 486
347 363 328 344
276 292 97 113
174 190 450 466
217 233 81 97
48 64 229 245
360 376 225 241
123 139 404 420
81 97 26 42
350 366 390 406
462 478 164 180
162 178 346 362
95 111 402 418
411 427 184 200
187 203 354 370
75 91 108 124
447 463 396 412
364 380 281 297
329 345 135 151
79 95 138 154
150 166 139 155
452 468 312 328
310 326 187 203
166 182 86 102
416 432 40 56
402 418 164 180
28 44 298 314
388 404 412 428
78 94 84 100
212 228 30 46
154 170 261 277
193 209 211 227
439 455 110 126
270 286 186 202
298 314 164 180
395 411 12 28
353 369 365 381
428 444 69 85
243 259 11 27
150 166 370 386
11 27 111 127
373 389 350 366
202 218 186 202
181 197 431 447
152 168 250 266
59 75 104 120
194 210 135 151
320 336 433 449
117 133 424 440
319 335 128 144
281 297 194 210
342 358 258 274
263 279 350 366
368 384 109 125
276 292 114 130
430 446 195 211
400 416 24 40
439 455 376 392
226 242 135 151
441 457 346 362
22 38 211 227
443 459 463 479
197 213 12 28
282 298 233 249
48 64 57 73
147 163 154 170
466 482 345 361
399 415 22 38
366 382 27 43
139 155 295 311
404 420 358 374
448 464 30 46
285 301 362 378
425 441 37 53
88 104 28 44
273 289 407 423
112 128 52 68
116 132 321 337
322 338 246 262
364 380 58 74
360 376 365 381
350 366 364 380
78 94 199 215
270 286 206 222
296 312 13 29
426 442 415 431
210 226 338 354
317 333 310 326
102 118 418 434
13 29 24 40
165 181 151 167
280 296 356 372
401 417 394 410
390 406 129 145
80 96 458 474
30 46 148 164
419 435 285 301
270 286 308 324
445 461 343 359
290 306 172 188
55 71 304 320
260 276 52 68
163 179 465 481
219 235 395 411
264 280 415 431
419 435 155 171
278 294 135 151
326 342 376 392
216 232 461 477
474 490 72 88
236 252 155 171
163 179 116 132
83 99 134 150
211 227 473 489
86 102 455 471
10 26 123 139
323 339 317 333
376 392 451 467
12 28 301 317
32 48 333 349
333 349 371 387
97 113 48 64
278 294 57 73
241 257 454 470
396 412 124 140
188 204 120 136
82 98 204 220
88 104 201 217
110 126 468 484
10 26 311 327
173 189 58 74
419 435 115 131
358 374 182 198
20 36 453 469
282 298 34 50
392 408 62 78
441 457 291 307
166 182 72 88
309 325 274 290
133 149 147 163
328 344 203 219
32 48 37 53
66 82 204 220
167 183 281 297
111 127 299 315
470 486 173 189
347 363 75 91
323 339 376 392
124 140 121 137
413 429 305 321
198 214 132 148
183 199 61 77
83 99 271 287
266 282 101 117
268 284 338 354
324 340 86 102
123 139 416 432
411 427 277 293
460 476 53 69
275 291 366 382
260 276 22 38
297 313 246 262
379 395 462 478
200 216 350 366
330 346 75 91
66 82 423 439
46 62 384 400
66 82 31 47
163 179 71 87
443 459 254 270
407 423 321 337
423 439 475 491
473 489 426 442
107 123 245 261
197 213 240 256
283 299 475 491
256 272 359 375
49 65 372 388
143 159 287 303
432 448 129 145
131 147 60 76
352 368 421 437
368 384 303 319
198 214 136 152
133 149 142 158
116 132 15 31
235 251 382 398
285 301 440 456
79 95 117 133
175 191 409 425
299 315 140 156
446 462 330 346
265 281 381 397
305 321 428 444
67 83 206 222
355 371 39 55
63 79 106 122
389 405 76 92
101 117 139 155
395 411 246 262
131 147 176 192
365 381 189 205
100 116 246 262
115 131 186 202
282 298 283 299
177 193 353 369
194 210 429 445
54 70 120 136
207 223 74 90
440 456 152 168
38 54 472 488
275 291 400 416
41 57 302 318
226 242 290 306
457 473 108 124
343 359 258 274
152 168 49 65
436 452 408 424
271 287 214 230
470 486 468 484
287 303 130 146
342 358 211 227
206 222 190 206
73 89 318 334
158 174 37 53
230 246 286 302
34 50 409 425
284 300 177 193
252 268 319 335
38 54 165 181
442 458 222 238
158 174 264 280
143 159 109 125
408 424 410 426
95 111 124 140
219 235 27 43
228 244 321 337
47 63 39 55
106 122 33 49
305 321 380 396
171 187 341 357
215 231 450 466
55 71 168 184
125 141 189 205
71 87 12 28
385 401 460 476
58 74 42 58
282 298 46 62
99 115 339 355
161 177 400 416
133 149 30 46
268 284 255 271
436 452 398 414
248 264 213 229
229 245 19 35
379 395 120 136
413 429 97 113
443 459 404 420
79 95 383 399
435 451 148 164
171 187 232 248
259 275 183 199
407 423 436 452
107 123 189 205
227 243 196 212
363 379 75 91
264 280 205 221
326 342 451 467
102 118 109 125
321 337 288 304
247 263 316 332
198 214 399 415
112 128 46 62
186 202 209 225
41 57 21 37
176 192 232 248
43 59 242 258
375 391 432 448
320 336 401 417
106 122 270 286
248 264 345 361
467 483 185 201
239 255 375 391
336 352 306 322
96 112 295 311
71 87 289 305
115 131 164 180
421 437 298 314
199 215 160 176
420 436 418 434
54 70 143 159
210 226 358 374
159 175 77 93
433 449 38 54
242 258 196 212
149 165 194 210
260 276 130 146
357 373 422 438
426 442 173 189
86 102 243 259
112 128 45 61
164 180 88 104
25 41 103 119
217 233 372 388
308 324 170 186
406 422 418 434
359 375 433 449
450 466 412 428
132 148 398 414
375 391 138 154
354 370 475 491
102 118 304 320
462 478 33 49
56 72 329 345
304 320 311 327
206 222 104 120
20 36 243 259
272 288 190 206
116 132 339 355
291 307 454 470
361 377 355 371
173 189 213 229
330 346 197 213
184 200 422 438
102 118 276 292
318 334 344 360
187 203 315 331
82 98 318 334
307 323 200 216
288 304 410 426
270 286 283 299
147 163 227 243
173 189 67 83
199 215 73 89
76 92 282 298
396 412 258 274
379 395 83 99
475 491 148 164
104 120 149 165
313 329 452 468
133 149 361 377
405 421 417 433
10 26 427 443
142 158 337 353
360 376 248 264
177 193 313 329
41 57 464 480
134 150 392 408
442 458 140 156
253 269 62 78
187 203 327 343
217 233 236 252
317 333 136 152
396 412 266 282
41 57 32 48
217 233 180 196
418 434 430 446
87 103 261 277
327 343 88 104
328 344 198 214
80 96 259 275
189 205 81 97
357 373 129 145
190 206 183 199
113 129 273 289
353 369 300 316
28 44 414 430
240 256 383 399
460 476 113 129
59 75 267 283
182 198 61 77
189 205 414 430
225 241 62 78
216 232 18 34
25 41 372 388
317 333 269 285
378 394 158 174
271 287 82 98
337 353 377 393
365 381 469 485
302 318 463 479
448 464 279 295
119 135 331 347
18 34 185 201
219 235 179 195
193 209 151 167
291 307 116 132
343 359 359 375
256 272 411 427
395 411 438 454
388 404 466 482
122 138 390 406
196 212 280 296
383 399 203 219
144 160 21 37
278 294 125 141
281 297 392 408
407 423 136 152
364 380 110 126
68 84 420 436
329 345 394 410
58 74 171 187
77 93 397 413
11 27 463 479
178 194 395 411
64 80 437 453
316 332 226 242
166 182 273 289
356 372 348 364
414 430 85 101
286 302 18 34
313 329 301 317
56 72 53 69
85 101 197 213
33 49 71 87
338 354 75 91
26 42 13 29
198 214 137 153
439 455 328 344
316 332 358 374
126 142 203 219
300 316 182 198
87 103 100 116
327 343 133 149
125 141 404 420
196 212 242 258
156 172 221 237
26 42 212 228
461 477 167 183
324 340 96 112
461 477 310 326
41 57 242 258
462 478 352 368
63 79 459 475
176 192 396 412
236 252 135 151
418 434 412 428
194 210 275 291
396 412 295 311
251 267 302 318
291 307 418 434
218 234 266 282
283 299 342 358
268 284 403 419
230 246 472 488
109 125 214 230
369 385 62 78
439 455 98 114
467 483 337 353
337 353 423 439
13 29 416 432
186 202 58 74
74 90 312 328
398 414 151 167
272 288 39 55
32 48 312 328
153 169 231 247
219 235 411 427
465 481 60 76
145 161 75 91
63 79 133 149
398 414 93 109
59 75 195 211
415 431 200 216
306 322 274 290
9 25 40 56
404 420 348 364
434 450 317 333
93 109 212 228
392 408 456 472
120 136 279 295
309 325 380 396
438 454 472 488
384 400 118 134
301 317 395 411
114 130 231 247
377 393 40 56
404 420 151 167
14 30 289 305
186 202 386 402
145 161 276 292
118 134 200 216
137 153 240 256
238 254 17 33
162 178 303 319
431 447 153 169
310 326 207 223
25 41 219 235
283 299 52 68
87 103 323 339
390 406 73 89
26 42 84 100
13 29 467 483
78 94 273 289
347 363 282 298
101 117 210 226
374 390 321 337
179 195 368 384
475 491 239 255
95 111 263 279
348 364 98 114
447 463 406 422
412 428 379 395
351 367 93 109
35 51 308 324
458 474 26 42
78 94 361 377
383 399 403 419
177 193 420 436
345 361 418 434
409 425 153 169
280 296 246 262
455 471 177 193
36 52 283 299
133 149 284 300
9 25 406 422
266 282 108 124
373 389 237 253
473 489 234 250
149 165 92 108
351 367 438 454
124 140 9 25
65 81 206 222
88 104 227 243
93 109 441 457
91 107 87 103
130 146 304 320
290 306 195 211
344 360 194 210
463 479 256 272
446 462 223 239
250 266 464 480
108 124 386 402
33 49 83 99
388 404 292 308
50 66 473 489
25 41 449 465
463 479 191 207
350 366 475 491
91 107 123 139
325 341 84 100
334 350 368 384
251 267 64 80
236 252 365 381
363 379 358 374
464 480 421 437
207 223 15 31
302 318 84 100
96 112 230 246
391 407 36 52
353 369 378 394
391 407 300 316
153 169 309 325
168 184 292 308
85 101 156 172
178 194 448 464
65 81 21 37
88 104 137 153
16 32 344 360
387 403 103 119
437 453 44 60
298 314 142 158
343 359 99 115
393 409 327 343
30 46 280 296
312 328 65 81
10 26 456 472
259 275 311 327
441 457 326 342
304 320 368 384
78 94 100 116
423 439 424 440
374 390 215 231
427 443 261 277
399 415 471 487
89 105 208 224
210 226 109 125
464 480 91 107
86 102 349 365
151 167 415 431
251 267 428 444
28 44 372 388
426 442 263 279
344 360 89 105
338 354 340 356
111 127 448 464
96 112 27 43
161 177 415 431
103 119 271 287
85 101 405 421
72 88 272 288
413 429 195 211
452 468 184 200
54 70 40 56
92 108 448 464
19 35 455 471
124 140 307 323
60 76 133 149
398 414 347 363
413 429 53 69
189 205 316 332
193 209 450 466
265 281 343 359
21 37 38 54
374 390 99 115
156 172 441 457
253 269 143 159
50 66 346 362
375 391 93 109
59 75 412 428
140 156 215 231
21 37 187 203
407 423 13 29
197 213 340 356
164 180 369 385
349 365 233 249
182 198 381 397
185 201 46 62
466 482 280 296
15 31 101 117
403 419 406 422
419 435 390 406
466 482 90 106
15 31 153 169
122 138 197 213
204 220 230 246
309 325 250 266
442 458 443 459
17 33 451 467
25 41 447 463
330 346 93 109
357 373 155 171
75 91 204 220
55 71 242 258
55 71 189 205
224 240 469 485
437 453 48 64
54 70 260 276
468 484 75 91
12 28 233 249
295 311 232 248
436 452 216 232
