628 644 228 244
226 242 921 937
402 418 298 314
462 478 792 808
230 246 121 137
791 807 16 32
705 721 387 403
373 389 248 264
621 637 125 141
921 937 331 347
760 776 743 759
210 226 198 214
209 225 904 920
133 149 609 625
730 746 337 353
833 849 909 925
877 893 303 319
902 918 463 479
255 271 736 752
158 174 421 437
499 515 959 975
595 611 243 259
208 224 204 220
546 562 515 531
683 699 428 444
35 51 207 223
929 945 743 759
830 846 273 289
835 851 390 406
145 161 42 58
809 825 459 475
409 425 473 489
134 150 150 166
864 880 637 653
92 108 783 799
46 62 481 497
202 218 971 987
954 970 797 813
649 665 678 694
844 860 909 925
678 694 458 474
544 560 669 685
57 73 170 186
232 248 816 832
81 97 731 747
543 559 601 617
608 624 791 807
779 795 174 190
941 957 20 36
713 729 291 307
427 443 743 759
592 608 708 724
909 925 223 239
464 480 138 154
127 143 606 622
868 884 291 307
544 560 749 765
367 383 759 775
342 358 153 169
565 581 923 939
41 57 605 621
562 578 636 652
672 688 275 291
680 696 666 682
183 199 628 644
212 228 460 476
906 922 35 51
598 614 926 942
545 561 43 59
528 544 737 753
928 944 281 297
116 132 914 930
109 125 793 809
282 298 235 251
567 583 311 327
628 644 289 305
510 526 101 117
570 586 353 369
957 973 85 101
419 435 434 450
623 639 959 975
382 398 339 355
941 957 472 488
529 545 922 938
296 312 364 380
424 440 376 392
469 485 194 210
760 776 319 335
148 164 566 582
931 947 209 225
100 116 699 715
339 355 962 978
199 215 365 381
362 378 388 404
513 529 830 846
149 165 270 286
882 898 795 811
62 78 817 833
497 513 726 742
488 504 286 302
526 542 407 423
98 114 159 175
512 528 9 25
52 68 861 877
922 938 87 103
82 98 814 830
757 773 214 230
738 754 10 26
374 390 657 673
619 635 152 168
379 395 630 646
86 102 39 55
144 160 192 208
690 706 660 676
672 688 198 214
92 108 19 35
746 762 862 878
756 772 694 710
936 952 444 460
205 221 410 426
898 914 648 664
440 456 275 291
92 108 638 654
841 857 43 59
717 733 747 763
828 844 674 690
499 515 705 721
890 906 240 256
661 677 318 334
60 76 293 309
355 371 598 614
887 903 47 63
68 84 179 195
98 114 308 324
264 280 566 582
949 965 231 247
125 141 246 262
729 745 56 72
412 428 389 405
232 248 286 302
458 474 218 234
360 376 413 429
101 117 756 772
403 419 713 729
19 35 491 507
108 124 653 669
899 915 41 57
64 80 316 332
526 542 289 305
928 944 227 243
379 395 143 159
699 715 719 735
638 654 605 621
177 193 685 701
678 694 750 766
66 82 191 207
557 573 350 366
901 917 945 961
137 153 255 271
612 628 769 785
627 643 186 202
567 583 686 702
900 916 695 711
732 748 513 529
753 769 160 176
807 823 753 769
684 700 816 832
385 401 563 579
400 416 881 897
771 787 815 831
669 685 426 442
514 530 196 212
171 187 763 779
920 936 266 282
583 599 128 144
575 591 253 269
639 655 306 322
910 926 550 566
135 151 769 785
676 692 504 520
274 290 551 567
711 727 652 668
132 148 770 786
560 576 555 571
146 162 493 509
407 423 927 943
179 195 902 918
290 306 505 521
782 798 121 137
440 456 799 815
108 124 762 778
642 658 647 663
903 919 139 155
96 112 279 295
272 288 685 701
698 714 720 736
763 779 305 321
121 137 46 62
36 52 941 957
219 235 805 821
831 847 912 928
625 641 647 663
347 363 160 176
245 261 755 771
146 162 486 502
974 990 467 483
257 273 496 512
608 624 341 357
138 154 674 690
374 390 57 73
484 500 581 597
342 358 599 615
530 546 188 204
632 648 752 768
691 707 385 401
294 310 527 543
34 50 227 243
30 46 561 577
456 472 800 816
717 733 947 963
765 781 152 168
341 357 858 874
946 962 518 534
138 154 74 90
708 724 741 757
18 34 725 741
122 138 687 703
200 216 616 632
751 767 759 775
319 335 74 90
786 802 765 781
562 578 801 817
606 622 388 404
592 608 498 514
818 834 94 110
702 718 646 662
803 819 385 401
512 528 665 681
18 34 92 108
166 182 117 133
179 195 802 818
128 144 89 105
474 490 153 169
824 840 651 667
488 504 292 308
570 586 551 567
247 263 168 184
583 599 78 94
711 727 182 198
623 639 657 673
508 524 340 356
744 760 634 650
60 76 957 973
223 239 391 407
199 215 848 864
972 988 543 559
526 542 172 188
103 119 219 235
411 427 971 987
862 878 203 219
307 323 67 83
207 223 886 902
917 933 263 279
974 990 593 609
746 762 86 102
641 657 84 100
48 64 154 170
88 104 479 495
654 670 232 248
62 78 404 420
11 27 624 640
756 772 381 397
642 658 50 66
156 172 684 700
436 452 99 115
619 635 357 373
58 74 918 934
630 646 765 781
444 460 320 336
231 247 310 326
259 275 298 314
306 322 358 374
183 199 809 825
575 591 970 986
308 324 269 285
777 793 172 188
594 610 97 113
570 586 79 95
338 354 440 456
685 701 502 518
395 411 863 879
236 252 321 337
454 470 368 384
355 371 157 173
424 440 829 845
411 427 117 133
216 232 753 769
679 695 645 661
384 400 363 379
306 322 96 112
174 190 755 771
126 142 338 354
163 179 104 120
78 94 820 836
398 414 189 205
404 420 369 385
561 577 104 120
209 225 323 339
912 928 389 405
773 789 130 146
889 905 285 301
190 206 925 941
797 813 334 350
664 680 161 177
799 815 903 919
870 886 776 792
95 111 696 712
611 627 662 678
960 976 892 908
669 685 162 178
595 611 224 240
844 860 936 952
326 342 259 275
411 427 613 629
178 194 868 884
690 706 135 151
835 851 134 150
296 312 412 428
167 183 365 381
293 309 690 706
788 804 401 417
613 629 242 258
739 755 709 725
318 334 785 801
113 129 290 306
236 252 315 331
564 580 768 784
923 939 332 348
832 848 806 822
498 514 93 109
68 84 707 723
206 222 712 728
244 260 806 822
755 771 627 643
695 711 107 123
733 749 373 389
237 253 21 37
335 351 249 265
794 810 894 910
702 718 862 878
418 434 957 973
942 958 205 221
392 408 599 615
830 846 351 367
260 276 647 663
781 797 13 29
365 381 646 662
838 854 432 448
85 101 142 158
688 704 819 835
661 677 459 475
42 58 355 371
735 751 959 975
666 682 764 780
713 729 507 523
583 599 407 423
885 901 405 421
290 306 665 681
909 925 459 475
941 957 862 878
738 754 737 753
186 202 564 580
157 173 765 781
82 98 547 563
127 143 315 331
45 61 817 833
608 624 697 713
225 241 75 91
239 255 871 887
251 267 453 469
758 774 425 441
441 457 185 201
33 49 537 553
935 951 455 471
37 53 132 148
969 985 599 615
432 448 22 38
446 462 326 342
94 110 343 359
456 472 961 977
409 425 930 946
529 545 472 488
419 435 650 666
484 500 676 692
762 778 316 332
172 188 349 365
359 375 539 555
444 460 429 445
106 122 299 315
340 356 867 883
861 877 336 352
181 197 517 533
955 971 753 769
941 957 15 31
677 693 196 212
812 828 735 751
960 976 394 410
954 970 428 444
168 184 567 583
942 958 569 585
572 588 109 125
516 532 423 439
754 770 531 547
478 494 634 650
680 696 220 236
411 427 449 465
620 636 867 883
940 956 14 30
886 902 942 958
605 621 267 283
46 62 949 965
874 890 607 623
882 898 10 26
956 972 493 509
162 178 148 164
948 964 510 526
509 525 676 692
341 357 596 612
80 96 274 290
173 189 466 482
969 985 108 124
946 962 703 719
733 749 517 533
17 33 270 286
139 155 867 883
645 661 440 456
534 550 317 333
881 897 60 76
925 941 408 424
755 771 863 879
443 459 427 443
453 469 429 445
269 285 903 919
260 276 841 857
635 651 137 153
518 534 811 827
37 53 764 780
456 472 417 433
805 821 839 855
483 499 830 846
911 927 403 419
626 642 247 263
641 657 362 378
543 559 543 559
252 268 567 583
323 339 344 360
396 412 417 433
898 914 856 872
895 911 82 98
930 946 535 551
616 632 165 181
367 383 573 589
738 754 95 111
354 370 40 56
676 692 413 429
914 930 89 105
565 581 594 610
721 737 855 871
148 164 681 697
788 804 86 102
781 797 262 278
513 529 781 797
280 296 39 55
88 104 584 600
924 940 951 967
341 357 477 493
367 383 763 779
647 663 434 450
477 493 287 303
453 469 778 794
855 871 914 930
36 52 297 313
462 478 383 399
885 901 770 786
713 729 848 864
616 632 663 679
441 457 876 892
116 132 599 615
25 41 144 160
129 145 652 668
793 809 181 197
211 227 561 577
915 931 286 302
517 533 168 184
396 412 244 260
652 668 637 653
61 77 579 595
916 932 789 805
704 720 520 536
460 476 859 875
857 873 124 140
247 263 205 221
356 372 935 951
427 443 327 343
437 453 744 760
882 898 519 535
227 243 558 574
58 74 92 108
815 831 242 258
939 955 703 719
490 506 272 288
391 407 342 358
787 803 731 747
447 463 614 630
9 25 80 96
177 193 369 385
192 208 604 620
674 690 947 963
256 272 38 54
541 557 881 897
562 578 65 81
299 315 881 897
461 477 913 929
689 705 562 578
299 315 586 602
607 623 54 70
667 683 200 216
64 80 646 662
377 393 343 359
147 163 820 836
971 987 440 456
712 728 265 281
31 47 969 985
436 452 235 251
963 979 605 621
795 811 384 400
75 91 872 888
241 257 516 532
326 342 723 739
383 399 438 454
950 966 352 368
206 222 503 519
209 225 28 44
202 218 318 334
682 698 824 840
848 864 18 34
107 123 115 131
470 486 727 743
232 248 18 34
898 914 739 755
18 34 191 207
292 308 228 244
524 540 533 549
572 588 647 663
973 989 39 55
897 913 353 369
747 763 581 597
844 860 72 88
517 533 154 170
54 70 639 655
518 534 450 466
942 958 765 781
714 730 28 44
521 537 835 851
716 732 16 32
790 806 707 723
93 109 370 386
637 653 13 29
564 580 375 391
863 879 418 434
426 442 473 489
477 493 449 465
183 199 455 471
954 970 821 837
677 693 460 476
691 707 347 363
185 201 756 772
434 450 160 176
623 639 17 33
622 638 773 789
683 699 458 474
686 702 363 379
38 54 428 444
363 379 291 307
605 621 668 684
178 194 374 390
23 39 471 487
638 654 484 500
296 312 111 127
320 336 960 976
532 548 704 720
466 482 119 135
130 146 325 341
552 568 555 571
914 930 856 872
389 405 155 171
581 597 479 495
396 412 18 34
288 304 598 614
202 218 754 770
51 67 124 140
26 42 507 523
750 766 512 528
809 825 932 948
852 868 705 721
612 628 461 477
922 938 144 160
908 924 969 985
347 363 137 153
477 493 521 537
508 524 559 575
547 563 491 507
891 907 353 369
711 727 260 276
309 325 423 439
203 219 17 33
256 272 288 304
128 144 159 175
365 381 775 791
861 877 95 111
228 244 641 657
804 820 261 277
618 634 96 112
971 987 137 153
808 824 199 215
700 716 386 402
113 129 213 229
293 309 973 989
103 119 358 374
794 810 609 625
367 383 747 763
692 708 298 314
681 697 130 146
444 460 264 280
684 700 100 116
749 765 300 316
26 42 851 867
972 988 30 46
885 901 407 423
671 687 47 63
668 684 944 960
605 621 519 535
818 834 372 388
884 900 235 251
911 927 580 596
733 749 541 557
899 915 40 56
526 542 958 974
590 606 404 420
721 737 261 277
816 832 843 859
877 893 409 425
403 419 673 689
702 718 349 365
749 765 751 767
397 413 847 863
432 448 171 187
884 900 906 922
889 905 167 183
951 967 93 109
508 524 746 762
470 486 108 124
84 100 428 444
273 289 139 155
620 636 121 137
587 603 734 750
634 650 297 313
597 613 461 477
672 688 759 775
62 78 589 605
370 386 237 253
101 117 327 343
447 463 538 554
590 606 388 404
846 862 335 351
731 747 625 641
640 656 158 174
542 558 955 971
877 893 80 96
729 745 557 573
121 137 874 890
257 273 232 248
856 872 554 570
841 857 421 437
147 163 261 277
371 387 614 630
598 614 863 879
211 227 859 875
511 527 619 635
518 534 285 301
724 740 751 767
669 685 26 42
338 354 765 781
500 516 203 219
662 678 239 255
887 903 730 746
944 960 595 611
232 248 441 457
107 123 172 188
319 335 769 785
604 620 694 710
966 982 223 239
600 616 622 638
674 690 561 577
777 793 790 806
599 615 922 938
213 229 259 275
814 830 880 896
576 592 174 190
642 658 87 103
835 851 200 216
281 297 643 659
767 783 643 659
401 417 62 78
480 496 616 632
519 535 129 145
676 692 20 36
157 173 365 381
750 766 187 203
907 923 515 531
905 921 182 198
472 488 333 349
874 890 473 489
22 38 429 445
10 26 878 894
651 667 292 308
13 29 695 711
926 942 677 693
412 428 626 642
521 537 290 306
555 571 794 810
823 839 358 374
98 114 467 483
661 677 394 410
736 752 135 151
657 673 752 768
966 982 663 679
966 982 756 772
535 551 437 453
831 847 249 265
458 474 282 298
317 333 351 367
190 206 362 378
82 98 257 273
759 775 223 239
895 911 822 838
656 672 116 132
272 288 606 622
946 962 674 690
694 710 88 104
175 191 201 217
305 321 624 640
528 544 918 934
857 873 789 805
570 586 834 850
299 315 775 791
166 182 475 491
32 48 662 678
851 867 769 785
263 279 750 766
722 738 311 327
347 363 269 285
521 537 730 746
231 247 301 317
533 549 337 353
377 393 99 115
356 372 492 508
351 367 245 261
934 950 235 251
595 611 492 508
240 256 184 200
755 771 198 214
273 289 118 134
935 951 577 593
160 176 970 986
561 577 907 923
911 927 271 287
651 667 785 801
296 312 883 899
941 957 937 953
364 380 632 648
603 619 654 670
767 783 144 160
23 39 800 816
296 312 339 355
53 69 90 106
696 712 936 952
649 665 353 369
213 229 667 683
459 475 603 619
92 108 858 874
898 914 510 526
71 87 184 200
346 362 506 522
342 358 60 76
126 142 946 962
174 190 723 739
840 856 729 745
661 677 782 798
942 958 358 374
434 450 944 960
117 133 764 780
816 832 238 254
432 448 514 530
269 285 572 588
195 211 642 658
965 981 239 255
884 900 111 127
763 779 187 203
112 128 951 967
190 206 712 728
181 197 959 975
176 192 796 812
473 489 235 251
717 733 190 206
665 681 105 121
803 819 675 691
34 50 845 861
597 613 436 452
497 513 840 856
488 504 557 573
383 399 377 393
158 174 410 426
679 695 640 656
431 447 649 665
586 602 777 793
607 623 562 578
770 786 632 648
325 341 420 436
92 108 372 388
34 50 788 804
577 593 159 175
164 180 208 224
230 246 613 629
115 131 127 143
650 666 972 988
728 744 541 557
497 513 860 876
521 537 318 334
676 692 193 209
97 113 667 683
125 141 907 923
825 841 166 182
755 771 124 140
849 865 963 979
588 604 817 833
176 192 872 888
199 215 135 151
834 850 408 424
203 219 171 187
668 684 366 382
204 220 40 56
713 729 944 960
126 142 536 552
591 607 307 323
413 429 199 215
623 639 453 469
410 426 432 448
912 928 245 261
650 666 262 278
132 148 953 969
423 439 737 753
140 156 53 69
557 573 52 68
622 638 620 636
828 844 174 190
965 981 612 628
651 667 699 715
398 414 16 32
593 609 399 415
560 576 626 642
551 567 239 255
805 821 742 758
492 508 478 494
84 100 452 468
603 619 261 277
159 175 200 216
692 708 881 897
506 522 786 802
415 431 487 503
662 678 111 127
684 700 939 955
921 937 536 552
392 408 528 544
598 614 358 374
152 168 918 934
42 58 725 741
92 108 898 914
19 35 91 107
461 477 160 176
642 658 562 578
681 697 567 583
788 804 200 216
830 846 241 257
577 593 785 801
96 112 824 840
956 972 935 951
182 198 540 556
780 796 166 182
885 901 320 336
253 269 552 568
416 432 435 451
825 841 351 367
545 561 659 675
462 478 941 957
807 823 556 572
198 214 21 37
737 753 246 262
388 404 481 497
780 796 166 182
607 623 494 510
894 910 478 494
159 175 738 754
669 685 172 188
823 839 665 681
802 818 558 574
405 421 159 175
418 434 554 570
911 927 817 833
323 339 647 663
508 524 133 149
613 629 840 856
57 73 563 579
480 496 30 46
456 472 895 911
9 25 730 746
872 888 783 799
571 587 831 847
794 810 560 576
621 637 394 410
813 829 177 193
773 789 551 567
130 146 658 674
739 755 9 25
721 737 636 652
60 76 330 346
935 951 647 663
341 357 971 987
533 549 803 819
26 42 150 166
9 25 255 271
831 847 256 272
796 812 147 163
51 67 238 254
352 368 904 920
522 538 793 809
850 866 217 233
676 692 962 978
889 905 597 613
799 815 55 71
840 856 144 160
179 195 908 924
534 550 634 650
840 856 525 541
931 947 600 616
350 366 348 364
208 224 406 422
52 68 72 88
47 63 377 393
308 324 272 288
736 752 649 665
520 536 88 104
236 252 525 541
536 552 38 54
890 906 582 598
914 930 522 538
585 601 391 407
112 128 622 638
832 848 261 277
512 528 463 479
131 147 960 976
790 806 602 618
900 916 524 540
254 270 950 966
116 132 782 798
936 952 817 833
929 945 959 975
731 747 189 205
528 544 478 494
473 489 588 604
910 926 278 294
231 247 704 720
634 650 128 144
863 879 595 611
703 719 322 338
957 973 652 668
360 376 769 785
433 449 338 354
618 634 439 455
490 506 306 322
552 568 526 542
288 304 299 315
146 162 256 272
558 574 165 181
15 31 686 702
845 861 754 770
32 48 107 123
265 281 710 726
871 887 251 267
750 766 903 919
897 913 75 91
936 952 841 857
842 858 117 133
656 672 341 357
406 422 232 248
350 366 390 406
281 297 475 491
514 530 547 563
559 575 220 236
787 803 123 139
212 228 85 101
331 347 795 811
231 247 799 815
282 298 104 120
726 742 395 411
347 363 815 831
505 521 550 566
150 166 616 632
781 797 496 512
446 462 810 826
609 625 456 472
797 813 365 381
910 926 109 125
40 56 241 257
937 953 177 193
225 241 220 236
970 986 675 691
971 987 708 724
360 376 949 965
118 134 64 80
577 593 884 900
124 140 552 568
847 863 892 908
343 359 75 91
674 690 524 540
26 42 675 691
807 823 701 717
942 958 929 945
56 72 124 140
720 736 398 414
305 321 919 935
613 629 280 296
934 950 171 187
112 128 683 699
604 620 877 893
557 573 509 525
303 319 854 870
63 79 909 925
484 500 618 634
686 702 929 945
436 452 975 991
359 375 139 155
461 477 691 707
347 363 85 101
543 559 400 416
136 152 317 333
310 326 264 280
775 791 859 875
174 190 274 290
874 890 423 439
427 443 862 878
723 739 677 693
818 834 10 26
296 312 400 416
382 398 392 408
133 149 255 271
14 30 489 505
485 501 55 71
603 619 929 945
354 370 33 49
274 290 588 604
296 312 51 67
400 416 458 474
595 611 777 793
671 687 414 430
125 141 113 129
907 923 522 538
326 342 202 218
425 441 770 786
647 663 602 618
250 266 366 382
410 426 365 381
90 106 64 80
870 886 846 862
960 976 156 172
526 542 201 217
25 41 819 835
656 672 708 724
