66 82 61 77
104 120 337 353
475 491 182 198
398 414 413 429
386 402 466 482
255 271 13 29
364 380 355 371
390 406 143 159
332 348 464 480
250 266 369 385
170 186 39 55
283 299 347 363
192 208 436 452
394 410 273 289
267 283 345 361
77 93 22 38
100 116 201 217
444 460 249 265
121 137 161 177
464 480 469 485
90 106 365 381
440 456 469 485
302 318 437 453
14 30 264 280
391 407 315 331
330 346 375 391
110 126 228 244
350 366 148 164
433 449 304 320
143 159 176 192
291 307 464 480
409 425 309 325
191 207 394 410
182 198 398 414
131 147 444 460
289 305 203 219
315 331 194 210
53 69 372 388
71 87 330 346
415 431 260 276
336 352 245 261
45 61 246 262
268 284 446 462
278 294 110 126
245 261 147 163
263 279 394 410
319 335 417 433
121 137 375 391
41 57 194 210
410 426 400 416
296 312 17 33
370 386 355 371
406 422 49 65
165 181 216 232
404 420 232 248
361 377 411 427
42 58 419 435
235 251 293 309
63 79 38 54
28 44 124 140
257 273 163 179
450 466 165 181
96 112 162 178
167 183 22 38
59 75 250 266
254 270 12 28
311 327 93 109
214 230 32 48
368 384 48 64
223 239 344 360
405 421 244 260
447 463 353 369
469 485 351 367
299 315 141 157
458 474 363 379
359 375 386 402
351 367 167 183
22 38 180 196
379 395 407 423
80 96 275 291
234 250 74 90
32 48 220 236
42 58 474 490
168 184 118 134
151 167 290 306
186 202 37 53
450 466 283 299
257 273 296 312
271 287 470 486
353 369 26 42
465 481 239 255
316 332 423 439
453 469 129 145
270 286 239 255
408 424 390 406
341 357 99 115
129 145 36 52
142 158 433 449
427 443 432 448
60 76 9 25
372 388 260 276
434 450 304 320
173 189 11 27
352 368 216 232
404 420 250 266
270 286 362 378
106 122 125 141
121 137 347 363
251 267 223 239
54 70 223 239
226 242 103 119
368 384 382 398
297 313 196 212
357 373 419 435
160 176 392 408
339 355 465 481
354 370 33 49
14 30 127 143
68 84 284 300
45 61 425 441
18 34 16 32
292 308 93 109
274 290 51 67
79 95 364 380
129 145 381 397
212 228 334 350
258 274 422 438
102 118 217 233
14 30 185 201
439 455 407 423
436 452 237 253
379 395 316 332
168 184 381 397
420 436 421 437
275 291 303 319
286 302 259 275
368 384 149 165
282 298 80 96
78 94 388 404
275 291 73 89
281 297 164 180
71 87 373 389
469 485 274 290
203 219 45 61
327 343 461 477
457 473 222 238
463 479 343 359
467 483 76 92
114 130 80 96
204 220 353 369
346 362 201 217
273 289 269 285
35 51 302 318
165 181 255 271
303 319 157 173
148 164 118 134
132 148 429 445
412 428 209 225
78 94 278 294
321 337 51 67
48 64 229 245
434 450 271 287
110 126 317 333
136 152 380 396
410 426 200 216
290 306 269 285
381 397 458 474
170 186 346 362
410 426 33 49
249 265 165 181
43 59 319 335
223 239 229 245
440 456 448 464
62 78 396 412
300 316 266 282
114 130 72 88
148 164 282 298
350 366 209 225
79 95 296 312
134 150 205 221
418 434 188 204
144 160 234 250
352 368 239 255
230 246 192 208
135 151 67 83
88 104 434 450
48 64 19 35
443 459 121 137
462 478 459 475
418 434 193 209
290 306 424 440
314 330 216 232
354 370 449 465
349 365 417 433
161 177 248 264
240 256 323 339
228 244 256 272
181 197 462 478
109 125 324 340
22 38 114 130
325 341 354 370
112 128 393 409
104 120 10 26
423 439 207 223
388 404 182 198
349 365 361 377
141 157 48 64
377 393 430 446
11 27 404 420
470 486 473 489
183 199 191 207
252 268 251 267
293 309 24 40
182 198 393 409
94 110 133 149
273 289 455 471
82 98 41 57
444 460 418 434
358 374 230 246
118 134 443 459
118 134 154 170
29 45 397 413
150 166 170 186
423 439 167 183
235 251 133 149
371 387 10 26
19 35 264 280
439 455 258 274
260 276 452 468
114 130 457 473
105 121 299 315
281 297 432 448
56 72 152 168
244 260 152 168
373 389 456 472
333 349 397 413
336 352 220 236
172 188 15 31
35 51 352 368
149 165 299 315
453 469 185 201
222 238 330 346
399 415 177 193
415 431 147 163
296 312 192 208
430 446 340 356
432 448 284 300
160 176 277 293
294 310 266 282
26 42 142 158
206 222 105 121
207 223 308 324
170 186 240 256
12 28 194 210
274 290 444 460
14 30 468 484
111 127 312 328
356 372 340 356
149 165 343 359
64 80 330 346
389 405 436 452
35 51 406 422
396 412 231 247
84 100 420 436
147 163 92 108
279 295 398 414
244 260 238 254
425 441 331 347
73 89 419 435
207 223 235 251
241 257 437 453
324 340 98 114
23 39 384 400
92 108 320 336
247 263 280 296
143 159 458 474
387 403 352 368
260 276 182 198
17 33 292 308
360 376 197 213
378 394 342 358
120 136 147 163
409 425 387 403
286 302 89 105
76 92 352 368
18 34 267 283
124 140 69 85
346 362 343 359
106 122 264 280
160 176 13 29
269 285 321 337
339 355 281 297
313 329 388 404
119 135 166 182
15 31 400 416
299 315 475 491
107 123 245 261
46 62 183 199
181 197 348 364
47 63 11 27
229 245 136 152
74 90 101 117
251 267 108 124
88 104 131 147
396 412 24 40
341 357 395 411
362 378 95 111
239 255 87 103
365 381 432 448
213 229 300 316
74 90 160 176
438 454 204 220
74 90 108 124
265 281 48 64
234 250 218 234
377 393 93 109
209 225 226 242
168 184 199 215
143 159 382 398
371 387 21 37
170 186 195 211
191 207 317 333
84 100 410 426
22 38 14 30
182 198 394 410
462 478 21 37
235 251 399 415
167 183 274 290
257 273 365 381
474 490 239 255
361 377 102 118
426 442 164 180
436 452 70 86
197 213 228 244
207 223 406 422
323 339 430 446
145 161 15 31
374 390 201 217
170 186 169 185
196 212 157 173
352 368 19 35
324 340 354 370
161 177 183 199
178 194 155 171
315 331 266 282
41 57 62 78
301 317 39 55
350 366 250 266
371 387 87 103
62 78 424 440
325 341 89 105
441 457 302 318
143 159 429 445
382 398 276 292
268 284 100 116
27 43 143 159
145 161 318 334
162 178 456 472
388 404 253 269
24 40 61 77
11 27 196 212
107 123 171 187
428 444 15 31
31 47 407 423
145 161 176 192
274 290 284 300
378 394 23 39
326 342 14 30
414 430 246 262
302 318 419 435
391 407 242 258
84 100 326 342
205 221 53 69
435 451 134 150
247 263 188 204
348 364 428 444
166 182 258 274
313 329 200 216
91 107 94 110
160 176 21 37
424 440 352 368
21 37 117 133
255 271 54 70
121 137 442 458
423 439 106 122
342 358 259 275
19 35 276 292
435 451 63 79
175 191 89 105
232 248 305 321
160 176 213 229
27 43 131 147
126 142 378 394
273 289 414 430
167 183 223 239
191 207 130 146
82 98 74 90
60 76 415 431
274 290 116 132
432 448 161 177
217 233 411 427
379 395 423 439
20 36 83 99
115 131 273 289
32 48 440 456
331 347 181 197
112 128 361 377
366 382 183 199
397 413 196 212
343 359 307 323
242 258 375 391
370 386 296 312
307 323 12 28
353 369 338 354
437 453 194 210
168 184 199 215
66 82 281 297
323 339 28 44
15 31 143 159
299 315 435 451
96 112 34 50
57 73 426 442
199 215 14 30
25 41 111 127
67 83 66 82
299 315 238 254
451 467 223 239
331 347 75 91
465 481 259 275
123 139 298 314
374 390 458 474
458 474 34 50
313 329 46 62
371 387 153 169
397 413 349 365
346 362 386 402
225 241 329 345
67 83 136 152
67 83 109 125
85 101 390 406
34 50 467 483
322 338 334 350
403 419 148 164
458 474 154 170
78 94 418 434
386 402 136 152
65 81 425 441
106 122 408 424
119 135 366 382
154 170 432 448
136 152 213 229
169 185 239 255
349 365 295 311
196 212 10 26
244 260 384 400
193 209 189 205
279 295 98 114
213 229 353 369
275 291 176 192
287 303 404 420
361 377 426 442
53 69 406 422
334 350 260 276
145 161 407 423
426 442 66 82
169 185 174 190
241 257 60 76
15 31 262 278
443 459 38 54
367 383 334 350
129 145 317 333
408 424 12 28
14 30 243 259
380 396 430 446
218 234 87 103
124 140 30 46
103 119 328 344
352 368 337 353
360 376 206 222
372 388 154 170
428 444 220 236
208 224 409 425
149 165 448 464
107 123 385 401
162 178 124 140
107 123 308 324
120 136 303 319
445 461 252 268
12 28 42 58
472 488 202 218
122 138 146 162
214 230 393 409
37 53 155 171
321 337 312 328
49 65 216 232
316 332 342 358
349 365 98 114
184 200 254 270
190 206 199 215
354 370 81 97
428 444 469 485
374 390 381 397
436 452 288 304
398 414 379 395
277 293 148 164
209 225 241 257
34 50 308 324
394 410 38 54
281 297 348 364
307 323 50 66
79 95 147 163
22 38 253 269
162 178 181 197
353 369 252 268
224 240 404 420
411 427 115 131
211 227 187 203
36 52 455 471
455 471 106 122
167 183 444 460
306 322 182 198
401 417 255 271
30 46 338 354
185 201 296 312
138 154 429 445
207 223 448 464
349 365 134 150
397 413 273 289
393 409 78 94
276 292 274 290
321 337 40 56
281 297 426 442
39 55 207 223
262 278 461 477
56 72 201 217
270 286 166 182
178 194 475 491
414 430 299 315
425 441 111 127
240 256 18 34
89 105 98 114
255 271 204 220
293 309 436 452
474 490 352 368
341 357 339 355
94 110 327 343
253 269 389 405
443 459 168 184
374 390 428 444
162 178 94 110
462 478 39 55
179 195 443 459
231 247 145 161
436 452 101 117
296 312 332 348
158 174 109 125
449 465 216 232
50 66 109 125
49 65 394 410
394 410 311 327
404 420 204 220
449 465 335 351
85 101 247 263
14 30 141 157
189 205 229 245
11 27 255 271
180 196 386 402
50 66 108 124
339 355 73 89
358 374 109 125
280 296 405 421
378 394 345 361
384 400 95 111
158 174 472 488
35 51 388 404
354 370 67 83
295 311 459 475
327 343 106 122
119 135 396 412
92 108 448 464
34 50 43 59
18 34 355 371
71 87 401 417
414 430 325 341
238 254 134 150
325 341 318 334
314 330 30 46
440 456 159 175
226 242 341 357
162 178 46 62
96 112 330 346
421 437 378 394
170 186 255 271
52 68 456 472
273 289 101 117
257 273 101 117
173 189 149 165
22 38 194 210
338 354 11 27
325 341 460 476
90 106 469 485
464 480 267 283
267 283 153 169
253 269 85 101
291 307 191 207
393 409 65 81
31 47 18 34
260 276 31 47
354 370 461 477
72 88 257 273
449 465 167 183
469 485 402 418
110 126 114 130
74 90 363 379
393 409 85 101
145 161 152 168
69 85 27 43
289 305 221 237
217 233 310 326
42 58 140 156
313 329 256 272
144 160 357 373
179 195 39 55
86 102 409 425
353 369 228 244
38 54 213 229
181 197 220 236
62 78 446 462
473 489 238 254
390 406 453 469
19 35 92 108
169 185 71 87
472 488 392 408
88 104 111 127
241 257 48 64
267 283 261 277
94 110 206 222
21 37 50 66
37 53 433 449
126 142 36 52
178 194 113 129
384 400 205 221
384 400 443 459
212 228 437 453
302 318 405 421
399 415 422 438
174 190 327 343
407 423 114 130
309 325 319 335
318 334 268 284
59 75 208 224
124 140 68 84
312 328 18 34
59 75 392 408
26 42 417 433
330 346 212 228
318 334 169 185
9 25 454 470
97 113 95 111
242 258 87 103
397 413 185 201
286 302 255 271
138 154 148 164
380 396 118 134
361 377 136 152
445 461 391 407
242 258 218 234
342 358 399 415
202 218 181 197
300 316 17 33
452 468 90 106
292 308 166 182
330 346 341 357
12 28 96 112
414 430 147 163
378 394 215 231
69 85 105 121
176 192 252 268
432 448 281 297
265 281 77 93
35 51 216 232
45 61 271 287
154 170 317 333
163 179 124 140
371 387 326 342
282 298 86 102
107 123 23 39
403 419 226 242
363 379 279 295
259 275 17 33
130 146 121 137
114 130 322 338
131 147 94 110
157 173 420 436
341 357 319 335
49 65 197 213
395 411 270 286
376 392 134 150
386 402 462 478
307 323 198 214
301 317 408 424
327 343 234 250
425 441 418 434
140 156 176 192
94 110 409 425
276 292 286 302
198 214 187 203
257 273 256 272
419 435 88 104
433 449 458 474
459 475 341 357
156 172 437 453
50 66 313 329
67 83 466 482
137 153 57 73
356 372 216 232
274 290 337 353
246 262 127 143
290 306 125 141
398 414 270 286
170 186 113 129
412 428 114 130
47 63 402 418
102 118 456 472
201 217 457 473
38 54 429 445
276 292 72 88
471 487 83 99
392 408 15 31
133 149 230 246
459 475 103 119
31 47 443 459
49 65 261 277
407 423 77 93
366 382 313 329
415 431 183 199
232 248 124 140
344 360 348 364
104 120 429 445
226 242 110 126
346 362 314 330
137 153 392 408
18 34 57 73
108 124 448 464
399 415 63 79
452 468 199 215
341 357 306 322
156 172 109 125
275 291 187 203
425 441 186 202
314 330 18 34
345 361 292 308
217 233 194 210
308 324 193 209
218 234 62 78
408 424 190 206
438 454 352 368
446 462 232 248
304 320 195 211
471 487 260 276
367 383 269 285
93 109 14 30
360 376 457 473
160 176 185 201
136 152 175 191
274 290 368 384
433 449 447 463
423 439 378 394
386 402 276 292
188 204 17 33
234 250 135 151
472 488 60 76
69 85 454 470
23 39 17 33
425 441 442 458
322 338 388 404
459 475 34 50
146 162 68 84
137 153 166 182
67 83 287 303
47 63 34 50
50 66 71 87
115 131 120 136
313 329 93 109
81 97 220 236
192 208 266 282
146 162 33 49
409 425 435 451
443 459 440 456
215 231 159 175
26 42 318 334
121 137 120 136
57 73 17 33
161 177 442 458
428 444 134 150
165 181 199 215
255 271 33 49
263 279 75 91
451 467 368 384
461 477 338 354
180 196 288 304
445 461 111 127
161 177 264 280
459 475 121 137
407 423 84 100
187 203 383 399
290 306 212 228
429 445 142 158
198 214 443 459
281 297 101 117
262 278 131 147
234 250 250 266
46 62 90 106
122 138 63 79
176 192 293 309
96 112 261 277
11 27 226 242
107 123 117 133
132 148 433 449
467 483 364 380
443 459 202 218
180 196 34 50
28 44 143 159
134 150 365 381
457 473 172 188
280 296 164 180
283 299 383 399
288 304 12 28
174 190 467 483
402 418 379 395
302 318 406 422
443 459 162 178
374 390 314 330
365 381 165 181
274 290 148 164
164 180 457 473
199 215 156 172
274 290 305 321
475 491 230 246
149 165 145 161
254 270 281 297
38 54 24 40
76 92 259 275
272 288 121 137
227 243 242 258
454 470 221 237
300 316 277 293
149 165 299 315
285 301 81 97
212 228 421 437
238 254 351 367
101 117 125 141
423 439 281 297
287 303 54 70
472 488 205 221
305 321 244 260
42 58 12 28
166 182 339 355
97 113 427 443
225 241 436 452
52 68 85 101
456 472 143 159
245 261 352 368
70 86 186 202
379 395 399 415
346 362 367 383
408 424 166 182
107 123 125 141
358 374 207 223
286 302 294 310
366 382 302 318
344 360 214 230
68 84 27 43
285 301 402 418
316 332 251 267
349 365 216 232
435 451 146 162
300 316 165 181
81 97 89 105
274 290 220 236
316 332 339 355
409 425 197 213
19 35 331 347
412 428 206 222
91 107 218 234
369 385 223 239
235 251 436 452
271 287 265 281
88 104 305 321
443 459 352 368
383 399 315 331
325 341 333 349
61 77 454 470
386 402 356 372
428 444 114 130
332 348 337 353
184 200 180 196
347 363 141 157
392 408 444 460
457 473 330 346
151 167 223 239
344 360 215 231
142 158 63 79
81 97 474 490
362 378 139 155
90 106 84 100
103 119 452 468
290 306 326 342
206 222 66 82
101 117 366 382
77 93 277 293
62 78 194 210
239 255 47 63
221 237 11 27
40 56 296 312
303 319 339 355
314 330 289 305
312 328 135 151
34 50 277 293
191 207 96 112
165 181 161 177
447 463 288 304
411 427 42 58
32 48 439 455
56 72 20 36
187 203 308 324
140 156 289 305
55 71 370 386
386 402 67 83
370 386 39 55
209 225 94 110
331 347 63 79
456 472 472 488
149 165 334 350
406 422 391 407
235 251 78 94
193 209 74 90
60 76 345 361
389 405 265 281
368 384 130 146
129 145 236 252
196 212 433 449
380 396 78 94
112 128 117 133
430 446 312 328
114 130 248 264
73 89 409 425
367 383 297 313
366 382 304 320
190 206 258 274
277 293 359 375
253 269 473 489
365 381 134 150
439 455 285 301
306 322 219 235
166 182 166 182
234 250 433 449
135 151 61 77
243 259 467 483
304 320 272 288
258 274 270 286
191 207 127 143
455 471 114 130
145 161 382 398
79 95 303 319
421 437 191 207
132 148 29 45
221 237 466 482
186 202 45 61
66 82 448 464
15 31 432 448
154 170 298 314
117 133 407 423
321 337 147 163
55 71 354 370
440 456 273 289
266 282 122 138
331 347 165 181
68 84 117 133
413 429 169 185
297 313 121 137
265 281 353 369
474 490 132 148
41 57 136 152
167 183 48 64
422 438 268 284
194 210 59 75
47 63 395 411
94 110 372 388
208 224 284 300
443 459 177 193
193 209 227 243
92 108 271 287
420 436 401 417
475 491 151 167
12 28 115 131
353 369 11 27
408 424 72 88
415 431 396 412
342 358 44 60
389 405 74 90
405 421 168 184
40 56 350 366
444 460 450 466
431 447 124 140
267 283 331 347
175 191 310 326
388 404 279 295
32 48 413 429
409 425 131 147
381 397 171 187
251 267 445 461
284 300 190 206
428 444 115 131
24 40 153 169
426 442 130 146
217 233 417 433
367 383 225 241
299 315 364 380
131 147 78 94
25 41 393 409
99 115 271 287
127 143 253 269
314 330 424 440
372 388 24 40
366 382 45 61
326 342 119 135
376 392 373 389
40 56 173 189
153 169 108 124
186 202 429 445
396 412 133 149
311 327 418 434
241 257 80 96
311 327 121 137
12 28 195 211
73 89 364 380
172 188 189 205
448 464 373 389
13 29 349 365
297 313 137 153
254 270 134 150
194 210 442 458
76 92 441 457
278 294 367 383
381 397 47 63
349 365 442 458
12 28 247 263
97 113 116 132
211 227 318 334
235 251 84 100
305 321 299 315
213 229 412 428
348 364 406 422
52 68 458 474
277 293 229 245
386 402 398 414
419 435 395 411
345 361 96 112
54 70 72 88
463 479 63 79
231 247 389 405
458 474 241 257
106 122 16 32
25 41 384 400
458 474 374 390
142 158 199 215
206 222 139 155
108 124 323 339
10 26 383 399
266 282 321 337
62 78 309 325
174 190 306 322
280 296 288 304
372 388 407 423
211 227 112 128
361 377 378 394
376 392 469 485
306 322 145 161
336 352 475 491
278 294 64 80
460 476 210 226
150 166 335 351
440 456 471 487
238 254 432 448
196 212 394 410
441 457 157 173
324 340 408 424
