736 2 768 34
764 13 796 45
2 365 34 397
8 391 40 423
14 424 46 456
15 450 47 482
41 435 73 467
38 403 70 435
32 375 64 407
28 343 60 375
24 316 56 348
21 284 53 316
2 189 34 221
18 216 50 248
30 149 62 181
31 178 63 210
38 233 70 265
46 266 78 298
47 295 79 327
50 327 82 359
54 359 86 391
58 385 90 417
65 410 97 442
70 442 102 474
90 454 122 486
92 425 124 457
89 392 121 424
86 364 118 396
74 336 106 368
77 306 109 338
73 276 105 308
67 248 99 280
67 216 99 248
62 186 94 218
11 52 43 84
18 91 50 123
42 69 74 101
45 96 77 128
49 129 81 161
58 153 90 185
65 51 97 83
67 84 99 116
72 111 104 143
77 141 109 173
82 168 114 200
85 200 117 232
86 229 118 261
92 258 124 290
101 287 133 319
109 377 141 409
111 407 143 439
115 439 147 471
146 453 178 485
142 417 174 449
134 390 166 422
137 362 169 394
137 326 169 358
126 300 158 332
125 270 157 302
118 240 150 272
115 209 147 241
112 178 144 210
108 147 140 179
105 116 137 148
104 83 136 115
9 27 41 59
41 37 73 69
34 5 66 37
61 19 93 51
91 33 123 65
92 61 124 93
83 2 115 34
113 14 145 46
118 42 150 74
126 72 158 104
125 103 157 135
131 133 163 165
138 20 170 52
143 53 175 85
148 83 180 115
152 114 184 146
152 145 184 177
134 162 166 194
137 190 169 222
142 225 174 257
143 250 175 282
147 284 179 316
177 292 209 324
172 261 204 293
170 236 202 268
168 210 200 242
159 175 191 207
166 10 198 42
169 36 201 68
170 63 202 95
174 97 206 129
176 132 208 164
179 156 211 188
184 188 216 220
192 218 224 250
194 249 226 281
196 278 228 310
228 291 260 323
222 255 254 287
219 229 251 261
217 199 249 231
209 170 241 202
201 142 233 174
198 112 230 144
198 82 230 114
199 55 231 87
192 19 224 51
217 3 249 35
226 99 258 131
226 69 258 101
219 38 251 70
241 18 273 50
240 44 272 76
249 74 281 106
254 108 286 140
227 127 259 159
252 302 284 334
251 273 283 305
248 240 280 272
247 214 279 246
241 185 273 217
237 154 269 186
260 132 292 164
261 161 293 193
265 196 297 228
273 223 305 255
272 256 304 288
278 285 310 317
306 294 338 326
297 260 329 292
300 238 332 270
298 208 330 240
290 179 322 211
287 149 319 181
282 117 314 149
277 90 309 122
276 57 308 89
269 31 301 63
294 12 326 44
298 41 330 73
304 69 336 101
306 101 338 133
307 130 339 162
316 158 348 190
318 187 350 219
325 225 357 257
328 253 360 285
332 283 364 315
359 290 391 322
357 258 389 290
322 22 354 54
325 51 357 83
331 83 363 115
335 111 367 143
339 138 371 170
344 173 376 205
349 201 381 233
352 229 384 261
345 8 377 40
350 34 382 66
353 63 385 95
358 92 390 124
361 119 393 151
367 153 399 185
371 183 403 215
376 215 408 247
382 240 414 272
385 270 417 302
375 18 407 50
379 48 411 80
383 77 415 109
389 105 421 137
394 131 426 163
398 166 430 198
398 194 430 226
402 225 434 257
409 252 441 284
415 286 447 318
387 307 419 339
413 317 445 349
437 296 469 328
431 265 463 297
430 234 462 266
426 204 458 236
423 176 455 208
420 145 452 177
417 116 449 148
415 88 447 120
410 54 442 86
404 23 436 55
400 3 432 35
427 10 459 42
430 32 462 64
439 67 471 99
441 101 473 133
442 129 474 161
446 161 478 193
448 189 480 221
452 219 484 251
454 250 486 282
454 284 486 316
462 310 494 342
489 293 521 325
483 259 515 291
480 229 512 261
478 198 510 230
472 169 504 201
474 142 506 174
470 107 502 139
467 80 499 112
461 52 493 84
461 25 493 57
484 31 516 63
489 59 521 91
494 89 526 121
499 119 531 151
501 150 533 182
501 179 533 211
501 210 533 242
505 241 537 273
510 271 542 303
513 304 545 336
540 289 572 321
535 255 567 287
509 12 541 44
515 42 547 74
521 69 553 101
525 98 557 130
524 133 556 165
529 166 561 198
530 193 562 225
530 221 562 253
542 318 574 350
567 296 599 328
559 270 591 302
557 239 589 271
556 176 588 208
552 144 584 176
550 114 582 146
545 81 577 113
543 54 575 86
537 24 569 56
556 9 588 41
562 39 594 71
569 66 601 98
575 119 607 151
576 158 608 190
582 189 614 221
609 202 641 234
607 162 639 194
605 133 637 165
598 111 630 143
595 79 627 111
592 48 624 80
587 21 619 53
611 32 643 64
618 63 650 95
622 90 654 122
627 118 659 150
629 150 661 182
630 188 662 220
659 197 691 229
657 163 689 195
652 133 684 165
649 102 681 134
644 72 676 104
641 41 673 73
636 8 668 40
661 24 693 56
666 55 698 87
673 82 705 114
679 112 711 144
679 142 711 174
685 178 717 210
686 10 718 42
687 36 719 68
691 67 723 99
701 98 733 130
704 127 736 159
707 154 739 186
712 191 744 223
712 221 744 253
739 201 771 233
734 169 766 201
729 134 761 166
728 109 760 141
721 80 753 112
715 49 747 81
714 22 746 54
741 33 773 65
742 62 774 94
747 95 779 127
753 121 785 153
756 151 788 183
760 184 792 216
767 210 799 242
584 221 616 253
562 207 594 239
585 250 617 282
592 308 624 340
591 342 623 374
599 373 631 405
603 404 635 436
606 432 638 464
612 464 644 496
638 445 670 477
632 411 664 443
627 381 659 413
625 352 657 384
623 326 655 358
619 296 651 328
615 261 647 293
610 234 642 266
632 214 664 246
638 246 670 278
641 277 673 309
647 304 679 336
648 329 680 361
650 367 682 399
654 397 686 429
663 457 695 489
690 441 722 473
688 410 720 442
680 379 712 411
675 343 707 375
673 313 705 345
670 284 702 316
666 253 698 285
665 221 697 253
686 206 718 238
692 239 724 271
693 267 725 299
699 302 731 334
699 330 731 362
705 360 737 392
707 390 739 422
710 420 742 452
717 450 749 482
745 457 777 489
739 397 771 429
731 367 763 399
726 335 758 367
726 305 758 337
751 325 783 357
757 354 789 386
761 384 793 416
569 326 601 358
575 356 607 388
549 346 581 378
520 336 552 368
494 319 526 351
581 387 613 419
552 374 584 406
526 363 558 395
497 350 529 382
471 338 503 370
442 326 474 358
335 306 367 338
363 318 395 350
391 330 423 362
418 341 450 373
448 356 480 388
476 368 508 400
498 380 530 412
526 393 558 425
556 405 588 437
582 421 614 453
582 451 614 483
556 436 588 468
527 425 559 457
502 413 534 445
474 397 506 429
448 386 480 418
418 370 450 402
392 362 424 394
366 351 398 383
340 339 372 371
306 322 338 354
284 315 316 347
202 305 234 337
318 354 350 386
292 342 324 374
261 335 293 367
228 316 260 348
323 383 355 415
292 373 324 405
264 361 296 393
230 347 262 379
208 338 240 370
177 321 209 353
153 307 185 339
157 339 189 371
184 349 216 381
211 364 243 396
236 375 268 407
264 387 296 419
297 401 329 433
301 430 333 462
272 416 304 448
216 396 248 428
192 381 224 413
160 370 192 402
167 399 199 431
192 412 224 444
220 425 252 457
245 440 277 472
274 448 306 480
304 459 336 491
250 466 282 498
222 453 254 485
197 444 229 476
168 428 200 460
171 460 203 492
479 425 511 457
452 414 484 446
424 402 456 434
397 390 429 422
374 375 406 407
345 366 377 398
348 396 380 428
374 408 406 440
400 420 432 452
430 433 462 465
457 443 489 475
483 458 515 490
436 459 468 491
408 448 440 480
379 438 411 470
352 424 384 456
324 406 356 438
329 440 361 472
356 452 388 484
386 463 418 495
507 440 539 472
540 450 572 482
566 465 598 497
45 460 77 492
716 247 748 279
720 276 752 308
