5 103 37 135
15 131 47 163
2 24 34 56
14 55 46 87
23 85 55 117
34 112 66 144
48 135 80 167
30 27 62 59
41 59 73 91
54 86 86 118
62 113 94 145
50 6 82 38
61 36 93 68
80 9 112 41
111 13 143 45
92 37 124 69
70 63 102 95
84 86 116 118
102 64 134 96
123 41 155 73
142 15 174 47
150 39 182 71
129 67 161 99
92 117 124 149
72 142 104 174
117 122 149 154
139 93 171 125
29 236 61 268
48 215 80 247
63 192 95 224
84 168 116 200
1 234 33 266
20 211 52 243
37 191 69 223
54 169 86 201
27 158 59 190
5 183 37 215
106 146 138 178
148 126 180 158
9 259 41 291
114 168 146 200
95 194 127 226
76 219 108 251
65 242 97 274
46 268 78 300
26 287 58 319
8 315 40 347
34 316 66 348
51 295 83 327
71 267 103 299
87 247 119 279
108 220 140 252
144 176 176 208
134 151 166 183
154 200 186 232
134 226 166 258
100 272 132 304
79 299 111 331
63 320 95 352
94 322 126 354
109 299 141 331
129 276 161 308
147 253 179 285
115 247 147 279
139 306 171 338
159 282 191 314
124 326 156 358
153 329 185 361
156 158 188 190
350 3 382 35
657 19 689 51
684 21 716 53
667 44 699 76
652 69 684 101
658 96 690 128
676 71 708 103
694 45 726 77
715 22 747 54
733 1 765 33
747 22 779 54
731 45 763 77
709 74 741 106
689 99 721 131
671 123 703 155
656 142 688 174
663 173 695 205
683 148 715 180
700 124 732 156
720 103 752 135
739 76 771 108
759 51 791 83
751 103 783 135
732 128 764 160
716 151 748 183
694 175 726 207
675 202 707 234
657 223 689 255
667 252 699 284
651 273 683 305
691 228 723 260
703 204 735 236
726 177 758 209
747 153 779 185
765 127 797 159
755 185 787 217
738 205 770 237
720 230 752 262
701 253 733 285
681 279 713 311
664 296 696 328
731 256 763 288
750 231 782 263
765 212 797 244
764 262 796 294
743 286 775 318
715 283 747 315
241 9 273 41
225 33 257 65
272 12 304 44
258 35 290 67
235 61 267 93
215 84 247 116
211 134 243 166
227 110 259 142
245 86 277 118
264 63 296 95
282 40 314 72
299 15 331 47
327 21 359 53
314 44 346 76
295 68 327 100
274 89 306 121
258 113 290 145
239 137 271 169
223 161 255 193
229 194 261 226
248 164 280 196
268 142 300 174
287 117 319 149
307 96 339 128
323 70 355 102
340 48 372 80
377 2 409 34
407 7 439 39
389 30 421 62
359 26 391 58
366 53 398 85
352 76 384 108
337 98 369 130
295 144 327 176
273 174 305 206
258 198 290 230
239 220 271 252
221 240 253 272
217 289 249 321
232 269 264 301
251 246 283 278
268 225 300 257
285 204 317 236
305 176 337 208
326 147 358 179
347 123 379 155
367 101 399 133
385 80 417 112
400 56 432 88
420 32 452 64
439 13 471 45
469 15 501 47
446 33 478 65
429 58 461 90
416 82 448 114
396 110 428 142
354 153 386 185
336 177 368 209
322 202 354 234
303 224 335 256
280 251 312 283
264 275 296 307
290 277 322 309
317 251 349 283
332 223 364 255
350 203 382 235
375 149 407 181
398 136 430 168
420 117 452 149
443 82 475 114
460 60 492 92
474 39 506 71
497 20 529 52
522 26 554 58
504 46 536 78
486 65 518 97
469 89 501 121
448 112 480 144
426 136 458 168
411 162 443 194
362 173 394 205
374 208 406 240
359 232 391 264
319 281 351 313
344 278 376 310
364 258 396 290
385 235 417 267
401 215 433 247
419 192 451 224
436 170 468 202
456 146 488 178
477 117 509 149
496 98 528 130
513 70 545 102
528 53 560 85
553 28 585 60
569 6 601 38
598 12 630 44
579 38 611 70
556 59 588 91
542 78 574 110
525 101 557 133
504 122 536 154
487 146 519 178
468 172 500 204
445 199 477 231
428 219 460 251
412 243 444 275
388 267 420 299
372 291 404 323
407 294 439 326
423 267 455 299
440 244 472 276
461 222 493 254
478 202 510 234
495 172 527 204
515 153 547 185
568 85 600 117
587 60 619 92
606 43 638 75
626 15 658 47
635 39 667 71
621 67 653 99
598 90 630 122
579 112 611 144
553 106 585 138
535 130 567 162
560 135 592 167
544 157 576 189
524 181 556 213
505 205 537 237
487 228 519 260
473 251 505 283
452 279 484 311
479 280 511 312
502 254 534 286
516 231 548 263
534 209 566 241
552 187 584 219
572 163 604 195
590 141 622 173
610 117 642 149
628 94 660 126
640 119 672 151
622 141 654 173
604 166 636 198
582 191 614 223
565 215 597 247
546 238 578 270
529 258 561 290
511 279 543 311
541 285 573 317
559 263 591 295
575 243 607 275
595 221 627 253
615 195 647 227
635 167 667 199
642 197 674 229
627 222 659 254
609 245 641 277
585 266 617 298
570 290 602 322
604 289 636 321
619 272 651 304
636 246 668 278
390 185 422 217
200 57 232 89
182 79 214 111
166 101 198 133
176 128 208 160
194 110 226 142
186 157 218 189
171 183 203 215
185 210 217 242
201 190 233 222
169 229 201 261
176 256 208 288
198 234 230 266
213 211 245 243
207 262 239 294
193 286 225 318
17 339 49 371
43 343 75 375
26 366 58 398
9 385 41 417
1 436 33 468
17 417 49 449
36 392 68 424
52 374 84 406
80 347 112 379
107 348 139 380
83 376 115 408
67 396 99 428
49 420 81 452
32 441 64 473
14 463 46 495
7 513 39 545
26 489 58 521
43 466 75 498
62 443 94 475
80 419 112 451
99 399 131 431
110 376 142 408
135 354 167 386
164 354 196 386
126 402 158 434
110 426 142 458
91 448 123 480
74 475 106 507
35 516 67 548
18 540 50 572
28 569 60 601
9 593 41 625
46 545 78 577
63 522 95 554
81 502 113 534
103 478 135 510
120 454 152 486
139 427 171 459
146 379 178 411
194 361 226 393
210 337 242 369
227 318 259 350
254 300 286 332
198 311 230 343
178 329 210 361
260 324 292 356
243 344 275 376
221 369 253 401
188 405 220 437
172 427 204 459
150 456 182 488
133 481 165 513
116 506 148 538
94 526 126 558
74 546 106 578
61 572 93 604
91 577 123 609
108 554 140 586
124 531 156 563
143 509 175 541
162 486 194 518
184 457 216 489
197 437 229 469
206 389 238 421
225 442 257 474
211 465 243 497
189 488 221 520
168 515 200 547
154 537 186 569
135 558 167 590
122 579 154 611
148 585 180 617
167 560 199 592
184 538 216 570
203 512 235 544
221 489 253 521
250 494 282 526
228 520 260 552
213 547 245 579
194 564 226 596
176 590 208 622
248 419 280 451
253 373 285 405
260 442 292 474
242 549 274 581
220 572 252 604
203 595 235 627
250 580 282 612
277 301 309 333
274 347 306 379
291 325 323 357
307 305 339 337
296 369 328 401
314 344 346 376
338 333 370 365
352 312 384 344
385 318 417 350
369 340 401 372
355 364 387 396
335 381 367 413
319 399 351 431
299 424 331 456
276 415 308 447
265 523 297 555
276 500 308 532
292 475 324 507
311 453 343 485
325 433 357 465
345 411 377 443
363 388 395 420
382 363 414 395
399 342 431 374
414 320 446 352
437 297 469 329
462 300 494 332
446 323 478 355
427 344 459 376
410 366 442 398
394 393 426 425
378 413 410 445
353 440 385 472
340 464 372 496
322 486 354 518
303 505 335 537
291 526 323 558
271 554 303 586
281 583 313 615
300 556 332 588
314 534 346 566
333 510 365 542
350 489 382 521
370 468 402 500
385 445 417 477
404 420 436 452
422 398 454 430
437 376 469 408
458 350 490 382
476 326 508 358
495 302 527 334
521 309 553 341
507 333 539 365
487 357 519 389
468 380 500 412
451 402 483 434
430 423 462 455
416 450 448 482
396 471 428 503
381 495 413 527
363 515 395 547
345 539 377 571
327 562 359 594
307 586 339 618
337 588 369 620
357 564 389 596
377 540 409 572
394 520 426 552
408 495 440 527
427 475 459 507
446 453 478 485
464 430 496 462
482 406 514 438
501 383 533 415
512 359 544 391
537 338 569 370
552 313 584 345
563 343 595 375
546 365 578 397
528 388 560 420
509 414 541 446
497 434 529 466
476 453 508 485
459 480 491 512
441 502 473 534
420 529 452 561
406 546 438 578
386 568 418 600
368 591 400 623
399 592 431 624
419 572 451 604
434 552 466 584
453 530 485 562
470 508 502 540
489 482 521 514
506 461 538 493
523 437 555 469
542 413 574 445
557 396 589 428
573 370 605 402
594 348 626 380
612 320 644 352
629 295 661 327
644 323 676 355
626 348 658 380
608 372 640 404
589 397 621 429
568 420 600 452
552 443 584 475
497 509 529 541
481 531 513 563
464 553 496 585
448 578 480 610
518 485 550 517
477 581 509 613
511 537 543 569
527 511 559 543
546 489 578 521
563 469 595 501
582 446 614 478
533 467 565 499
600 424 632 456
618 402 650 434
635 378 667 410
654 351 686 383
675 329 707 361
666 380 698 412
647 406 679 438
630 428 662 460
609 452 641 484
588 475 620 507
575 497 607 529
541 541 573 573
522 564 554 596
496 557 528 589
560 516 592 548
538 589 570 621
555 571 587 603
568 545 600 577
587 522 619 554
607 499 639 531
608 482 640 514
642 455 674 487
655 429 687 461
680 405 712 437
669 456 701 488
656 482 688 514
639 502 671 534
620 524 652 556
597 552 629 584
584 570 616 602
617 581 649 613
632 556 664 588
650 528 682 560
668 508 700 540
664 561 696 593
692 306 724 338
683 357 715 389
702 333 734 365
727 304 759 336
698 387 730 419
717 358 749 390
751 313 783 345
692 433 724 465
709 412 741 444
725 392 757 424
744 365 776 397
762 347 794 379
685 483 717 515
698 459 730 491
719 438 751 470
737 415 769 447
765 417 797 449
749 441 781 473
725 466 757 498
694 511 726 543
680 535 712 567
688 566 720 598
702 540 734 572
721 517 753 549
744 496 776 528
714 486 746 518
758 473 790 505
754 520 786 552
735 544 767 576
720 566 752 598
701 587 733 619
743 575 775 607
756 389 788 421
735 335 767 367
756 600 788 632
743 626 775 658
762 676 794 708
745 696 777 728
751 653 783 685
757 727 789 759
738 753 770 785
767 754 799 786
320 611 352 643
348 617 380 649
331 639 363 671
317 661 349 693
312 709 344 741
329 688 361 720
343 669 375 701
377 620 409 652
429 598 461 630
409 621 441 653
393 648 425 680
373 668 405 700
354 691 386 723
336 717 368 749
322 742 354 774
301 766 333 798
348 748 380 780
367 719 399 751
383 697 415 729
403 672 435 704
424 648 456 680
445 624 477 656
459 602 491 634
377 748 409 780
394 723 426 755
414 700 446 732
435 675 467 707
451 649 483 681
473 628 505 660
518 612 550 644
361 644 393 676
500 634 532 666
481 658 513 690
460 685 492 717
444 708 476 740
426 728 458 760
409 749 441 781
432 758 464 790
457 731 489 763
474 710 506 742
493 693 525 725
513 665 545 697
530 641 562 673
546 619 578 651
564 595 596 627
595 599 627 631
575 623 607 655
557 644 589 676
539 669 571 701
524 695 556 727
499 720 531 752
481 741 513 773
465 764 497 796
494 765 526 797
506 744 538 776
530 722 562 754
551 695 583 727
568 673 600 705
592 650 624 682
608 625 640 657
624 604 656 636
646 582 678 614
724 647 756 679
705 667 737 699
686 691 718 723
669 715 701 747
649 739 681 771
632 765 664 797
676 744 708 776
694 719 726 751
716 695 748 727
737 671 769 703
726 723 758 755
708 747 740 779
653 609 685 641
632 631 664 663
615 651 647 683
600 678 632 710
579 702 611 734
555 724 587 756
539 748 571 780
572 754 604 786
590 731 622 763
605 706 637 738
624 680 656 712
644 659 676 691
663 632 695 664
681 610 713 642
674 585 706 617
725 592 757 624
709 619 741 651
691 640 723 672
678 663 710 695
658 688 690 720
638 710 670 742
618 736 650 768
599 762 631 794
6 642 38 674
22 615 54 647
40 594 72 626
73 598 105 630
52 620 84 652
32 644 64 676
11 670 43 702
3 720 35 752
23 697 55 729
44 676 76 708
60 648 92 680
84 622 116 654
103 604 135 636
129 606 161 638
112 628 144 660
92 651 124 683
76 676 108 708
51 705 83 737
35 726 67 758
15 752 47 784
48 754 80 786
66 730 98 762
82 706 114 738
105 681 137 713
125 660 157 692
141 637 173 669
162 612 194 644
187 614 219 646
169 639 201 671
154 663 186 695
132 686 164 718
115 707 147 739
94 736 126 768
74 759 106 791
106 761 138 793
126 738 158 770
162 689 194 721
177 668 209 700
197 647 229 679
216 617 248 649
237 598 269 630
266 600 298 632
247 623 279 655
227 647 259 679
209 663 241 695
192 693 224 725
153 742 185 774
136 765 168 797
180 746 212 778
201 721 233 753
222 698 254 730
237 675 269 707
256 654 288 686
275 631 307 663
290 613 322 645
285 656 317 688
267 681 299 713
251 705 283 737
216 741 248 773
242 758 274 790
260 730 292 762
275 707 307 739
293 685 325 717
285 734 317 766
269 758 301 790
