171 562 187 578
156 549 172 565
168 554 184 570
150 540 166 556
162 545 178 561
144 530 160 546
152 533 168 549
140 512 156 528
146 543 162 559
133 525 149 541
137 553 153 569
124 537 140 553
125 554 141 570
112 536 128 552
113 543 129 559
98 529 114 545
127 544 143 560
113 530 129 546
120 531 136 547
105 515 121 531
110 534 126 550
95 516 111 532
101 543 117 559
83 529 99 545
87 542 103 558
71 528 87 544
69 542 85 558
59 523 75 539
56 539 72 555
42 521 58 537
40 538 56 554
25 523 41 539
79 532 95 548
67 513 83 529
90 522 106 538
70 505 86 521
98 505 114 521
78 491 94 507
100 491 116 507
83 476 99 492
114 483 130 499
94 461 110 477
123 469 139 485
106 452 122 468
124 479 140 495
106 464 122 480
121 494 137 510
105 475 121 491
115 504 131 520
95 486 111 502
109 514 125 530
90 501 106 517
94 527 110 543
82 513 98 529
135 533 151 549
119 515 135 531
147 516 163 532
128 500 144 516
140 508 156 524
122 492 138 508
130 489 146 505
113 474 129 490
123 504 139 520
109 492 125 508
72 513 88 529
56 500 72 516
60 513 76 529
42 501 58 517
65 503 81 519
52 485 68 501
75 487 91 503
60 474 76 490
83 474 99 490
69 458 85 474
89 468 105 484
70 449 86 465
96 454 112 470
84 435 100 451
109 442 125 458
87 424 103 440
114 424 130 440
96 409 112 425
125 425 141 441
110 408 126 424
122 440 138 456
106 422 122 438
112 451 128 467
97 438 113 454
104 461 120 477
87 447 103 463
98 482 114 498
83 463 99 479
92 490 108 506
76 476 92 492
61 490 77 506
43 476 59 492
69 475 85 491
48 458 64 474
76 462 92 478
57 452 73 468
85 450 101 466
69 434 85 450
89 438 105 454
75 426 91 442
97 422 113 438
85 406 101 422
104 413 120 429
92 396 108 412
113 404 129 420
99 387 115 403
119 389 135 405
103 374 119 390
130 402 146 418
116 387 132 403
128 376 144 392
112 358 128 374
125 366 141 382
108 345 124 361
114 377 130 393
100 362 116 378
104 388 120 404
91 374 107 390
98 403 114 419
83 384 99 400
92 412 108 428
77 393 93 409
81 422 97 438
68 408 84 424
80 436 96 452
64 426 80 442
69 450 85 466
51 434 67 450
60 463 76 479
45 446 61 462
54 451 70 467
37 440 53 456
45 438 61 454
32 422 48 438
40 427 56 443
27 409 43 425
56 427 72 443
34 411 50 427
58 440 74 456
44 425 60 441
67 420 83 436
49 409 65 425
72 412 88 428
60 399 76 415
80 403 96 419
67 384 83 400
67 399 83 415
54 383 70 399
60 414 76 430
47 398 63 414
44 406 60 422
29 393 45 409
54 399 70 415
39 380 55 396
30 412 46 428
16 395 32 411
39 401 55 417
23 383 39 399
23 541 39 557
13 523 29 539
13 537 29 553
22 530 38 546
4 511 20 527
33 530 49 546
22 513 38 529
39 520 55 536
24 502 40 518
51 502 67 518
38 484 54 500
39 503 55 519
19 484 35 500
30 515 46 531
14 497 30 513
12 517 28 533
10 270 26 286
29 267 45 283
11 256 27 272
40 269 56 285
27 250 43 266
58 272 74 288
44 257 60 273
68 275 84 291
52 260 68 276
86 271 102 287
74 259 90 275
105 275 121 291
89 261 105 277
112 274 128 290
102 259 118 275
135 277 151 293
116 257 132 273
127 286 143 302
109 272 125 288
120 300 136 316
102 283 118 299
110 287 126 303
97 269 113 285
92 288 108 304
81 269 97 285
85 286 101 302
69 267 85 283
65 289 81 305
54 267 70 283
48 287 64 303
32 269 48 285
37 286 53 302
20 265 36 281
21 287 37 303
2 270 18 286
12 296 28 312
13 321 29 337
19 306 35 322
7 292 23 308
28 296 44 312
12 279 28 295
42 293 58 309
27 283 43 299
36 310 52 326
22 294 38 310
24 317 40 333
10 304 26 320
19 331 35 347
5 315 21 331
13 348 29 364
11 396 27 412
16 413 32 429
21 396 37 412
10 383 26 399
20 384 36 400
32 387 48 403
18 367 34 383
48 389 64 405
31 373 47 389
61 386 77 402
42 373 58 389
79 387 95 403
62 370 78 386
91 392 107 408
75 373 91 389
27 371 43 387
11 357 27 373
41 373 57 389
23 358 39 374
51 370 67 386
39 358 55 374
61 361 77 377
47 346 63 362
50 362 66 378
35 347 51 363
32 364 48 380
20 347 36 363
21 358 37 374
1 346 17 362
10 372 26 388
28 345 44 361
12 329 28 345
33 332 49 348
16 320 32 336
39 325 55 341
23 308 39 324
45 312 61 328
30 295 46 311
55 302 71 318
44 280 60 296
73 301 89 317
55 284 71 300
83 302 99 318
66 282 82 298
100 295 116 311
85 285 101 301
135 297 151 313
119 282 135 298
122 309 138 325
110 296 126 312
118 324 134 340
98 310 114 326
110 337 126 353
91 323 107 339
98 345 114 361
82 333 98 349
90 362 106 378
78 346 94 362
83 376 99 392
71 362 87 378
66 379 82 395
55 360 71 376
81 366 97 382
63 344 79 360
103 375 119 391
85 365 101 381
108 362 124 378
92 349 108 365
117 350 133 366
101 330 117 346
132 349 148 365
112 337 128 353
127 340 143 356
105 321 121 337
133 326 149 342
117 311 133 327
103 325 119 341
85 310 101 326
98 333 114 349
80 322 96 338
76 337 92 353
60 322 76 338
64 338 80 354
46 321 62 337
52 334 68 350
31 322 47 338
40 344 56 360
22 332 38 348
55 345 71 361
40 330 56 346
69 350 85 366
56 329 72 345
89 349 105 365
73 332 89 348
89 324 105 340
71 310 87 326
91 313 107 329
80 294 96 310
110 315 126 331
94 297 110 313
78 315 94 331
67 294 83 310
72 323 88 339
51 311 67 327
56 326 72 342
41 309 57 325
72 313 88 329
55 296 71 312
24 425 40 441
6 407 22 423
14 436 30 452
2 420 18 436
14 461 30 477
25 450 41 466
6 431 22 447
34 433 50 449
14 420 30 436
35 448 51 464
20 436 36 452
32 461 48 477
14 448 30 464
25 473 41 489
6 462 22 478
18 484 34 500
1 474 17 490
22 504 38 520
7 487 23 503
33 485 49 501
16 474 32 490
37 480 53 496
23 461 39 477
45 465 61 481
26 446 42 462
50 477 66 493
36 459 52 475
46 489 62 505
31 477 47 493
69 527 85 543
47 516 63 532
52 527 68 543
34 513 50 529
11 214 27 230
20 208 36 224
5 192 21 208
23 199 39 215
10 181 26 197
33 193 49 209
23 179 39 195
40 181 56 197
23 164 39 180
54 177 70 193
37 155 53 171
64 167 80 183
47 152 63 168
78 157 94 173
57 142 73 158
70 143 86 159
52 128 68 144
55 135 71 151
41 119 57 135
52 145 68 161
34 129 50 145
44 165 60 181
32 145 48 161
10 105 26 121
21 120 37 136
3 105 19 121
28 111 44 127
10 91 26 107
41 117 57 133
20 99 36 115
28 98 44 114
16 78 32 94
45 109 61 125
27 88 43 104
47 124 63 140
34 108 50 124
37 139 53 155
25 124 41 140
34 157 50 173
20 141 36 157
18 160 34 176
8 144 24 160
13 175 29 191
23 245 39 261
2 228 18 244
35 239 51 255
21 224 37 240
53 240 69 256
33 225 49 241
67 240 83 256
50 220 66 236
73 238 89 254
58 223 74 239
90 245 106 261
74 231 90 247
104 243 120 259
85 221 101 237
105 255 121 271
89 234 105 250
114 241 130 257
103 225 119 241
111 230 127 246
93 213 109 229
102 226 118 242
84 213 100 229
108 215 124 231
94 203 110 219
82 232 98 248
70 218 86 234
59 223 75 239
41 212 57 228
47 227 63 243
27 210 43 226
31 234 47 250
14 216 30 232
28 217 44 233
12 205 28 221
18 228 34 244
36 215 52 231
26 199 42 215
52 210 68 226
32 196 48 212
55 207 71 223
40 188 56 204
48 192 64 208
35 174 51 190
68 185 84 201
47 168 63 184
72 194 88 210
59 179 75 195
85 191 101 207
67 174 83 190
93 177 109 193
77 161 93 177
94 192 110 208
83 175 99 191
92 203 108 219
76 185 92 201
74 210 90 226
58 188 74 204
65 214 81 230
48 197 64 213
95 218 111 234
82 200 98 216
83 218 99 234
66 206 82 222
70 226 86 242
55 210 71 226
35 207 51 223
14 187 30 203
45 198 61 214
25 186 41 202
33 169 49 185
19 153 35 169
29 184 45 200
9 164 25 180
9 155 25 171
15 152 31 168
26 140 42 156
9 126 25 142
31 133 47 149
14 115 30 131
15 134 31 150
81 162 97 178
68 151 84 167
80 176 96 192
59 165 75 181
58 161 74 177
48 145 64 161
130 451 146 467
109 440 125 456
115 521 131 537
98 504 114 520
132 523 148 539
119 502 135 518
155 556 171 572
135 540 151 556
121 417 137 433
108 401 124 417
16 96 32 112
13 202 29 218
11 185 27 201
100 205 116 221
90 187 106 203
119 258 135 274
101 242 117 258
127 254 143 270
115 242 131 258
79 255 95 271
60 237 76 253
61 248 77 264
51 232 67 248
52 252 68 268
34 238 50 254
39 256 55 272
29 235 45 251
15 249 31 265
661 17 677 33
650 0 666 16
654 24 670 40
637 13 653 29
645 34 661 50
626 18 642 34
634 49 650 65
622 38 638 54
632 60 648 76
610 45 626 61
622 73 638 89
604 61 620 77
610 90 626 106
594 77 610 93
597 86 613 102
581 71 597 87
606 74 622 90
586 61 602 77
590 73 606 89
570 54 586 70
583 58 599 74
572 42 588 58
594 47 610 63
577 33 593 49
605 45 621 61
586 30 602 46
623 46 639 62
606 30 622 46
629 38 645 54
615 17 631 33
637 26 653 42
621 10 637 26
646 11 662 27
596 22 612 38
578 7 594 23
584 18 600 34
562 0 578 16
586 31 602 47
568 15 584 31
601 36 617 52
583 20 599 36
616 38 632 54
600 22 616 38
625 23 641 39
609 8 625 24
634 13 650 29
618 10 634 26
611 22 627 38
597 4 613 20
598 59 614 75
583 46 599 62
613 61 629 77
600 46 616 62
607 105 623 121
593 86 609 102
618 101 634 117
603 90 619 106
624 91 640 107
608 78 624 94
632 77 648 93
621 66 637 82
646 69 662 85
629 49 645 65
653 53 669 69
635 38 651 54
658 40 674 56
648 26 664 42
666 27 682 43
653 7 669 23
678 18 694 34
667 2 683 18
643 93 659 109
629 73 645 89
659 92 675 108
640 79 656 95
673 97 689 113
657 75 673 91
689 94 705 110
668 80 684 96
704 101 720 117
688 83 704 99
720 102 736 118
704 82 720 98
727 111 743 127
705 96 721 112
715 127 731 143
700 106 716 122
699 126 715 142
685 111 701 127
708 112 724 128
695 94 711 110
693 106 709 122
681 93 697 109
689 125 705 141
672 109 688 125
675 137 691 153
664 120 680 136
694 137 710 153
678 118 694 134
696 149 712 165
681 132 697 148
671 147 687 163
651 132 667 148
663 136 679 152
650 121 666 137
647 131 663 147
629 114 645 130
656 117 672 133
641 106 657 122
668 106 684 122
652 88 668 104
678 105 694 121
662 90 678 106
673 118 689 134
659 104 675 120
652 109 668 125
634 93 650 109
632 109 648 125
618 88 634 104
652 81 668 97
638 61 654 77
661 64 677 80
643 48 659 64
667 54 683 70
654 36 670 52
682 55 698 71
669 38 685 54
700 58 716 74
679 41 695 57
717 54 733 70
697 40 713 56
733 60 749 76
716 43 732 59
747 58 763 74
731 43 747 59
758 59 774 75
744 46 760 62
751 70 767 86
735 57 751 73
739 86 755 102
726 70 742 86
727 91 743 107
714 72 730 88
712 87 728 103
701 68 717 84
696 88 712 104
678 72 694 88
679 81 695 97
667 65 683 81
662 84 678 100
651 64 667 80
678 66 694 82
658 52 674 68
688 67 704 83
674 50 690 66
705 71 721 87
689 54 705 70
723 70 739 86
708 57 724 73
738 72 754 88
721 54 737 70
755 47 771 63
736 29 752 45
739 49 755 65
723 32 739 48
728 43 744 59
711 28 727 44
710 41 726 57
692 25 708 41
696 45 712 61
677 26 693 42
677 37 693 53
658 25 674 41
685 32 701 48
670 10 686 26
697 19 713 35
681 2 697 18
699 32 715 48
681 10 697 26
711 18 727 34
693 0 709 16
727 17 743 33
714 1 730 17
716 34 732 50
705 15 721 31
732 31 748 47
717 15 733 31
734 17 750 33
720 2 736 18
746 34 762 50
727 14 743 30
758 30 774 46
740 18 756 34
774 19 790 35
755 9 771 25
780 8 796 24
798 9 814 25
787 26 803 42
769 6 785 22
780 36 796 52
761 17 777 33
807 17 823 33
800 22 816 38
784 10 800 26
817 28 833 44
801 9 817 25
825 17 841 33
842 12 858 28
854 13 870 29
874 18 890 34
856 4 872 20
888 14 904 30
874 2 890 18
786 50 802 66
766 32 782 48
800 49 816 65
779 33 795 49
789 60 805 76
775 48 791 64
781 73 797 89
767 59 783 75
771 83 787 99
758 68 774 84
762 103 778 119
748 88 764 104
760 114 776 130
743 96 759 112
749 126 765 142
730 111 746 127
765 133 781 149
748 115 764 131
769 120 785 136
753 100 769 116
778 105 794 121
762 88 778 104
788 93 804 109
774 73 790 89
795 81 811 97
783 59 799 75
805 72 821 88
788 50 804 66
815 56 831 72
800 39 816 55
821 37 837 53
806 27 822 43
809 36 825 52
794 24 810 40
836 24 852 40
815 13 831 29
846 26 862 42
828 10 844 26
861 30 877 46
850 15 866 31
878 31 894 47
861 13 877 29
839 41 855 57
825 27 841 43
829 52 845 68
814 40 830 56
823 70 839 86
805 49 821 65
811 76 827 92
800 64 816 80
802 90 818 106
786 79 802 95
796 105 812 121
782 86 798 102
787 116 803 132
776 98 792 114
775 133 791 149
763 115 779 131
768 142 784 158
756 126 772 142
753 142 769 158
737 129 753 145
739 141 755 157
722 126 738 142
730 156 746 172
714 140 730 156
741 152 757 168
730 141 746 157
761 151 777 167
742 137 758 153
775 157 791 173
757 139 773 155
781 174 797 190
765 155 781 171
767 171 783 187
751 151 767 167
753 168 769 184
733 150 749 166
735 166 751 182
717 148 733 164
719 169 735 185
707 152 723 168
724 178 740 194
711 161 727 177
744 177 760 193
724 165 740 181
757 179 773 195
741 163 757 179
774 181 790 197
757 167 773 183
784 186 800 202
772 165 788 181
797 186 813 202
783 171 799 187
796 198 812 214
777 183 793 199
783 214 799 230
771 195 787 211
769 206 785 222
751 190 767 206
780 198 796 214
762 181 778 197
764 193 780 209
751 182 767 198
750 197 766 213
736 180 752 196
732 188 748 204
720 175 736 191
797 212 813 228
787 194 803 210
807 198 823 214
788 187 804 203
823 187 839 203
804 171 820 187
813 171 829 187
795 155 811 171
829 174 845 190
811 158 827 174
843 175 859 191
828 160 844 176
860 175 876 191
839 160 855 176
875 176 891 192
857 160 873 176
890 181 906 197
870 162 886 178
879 192 895 208
865 177 881 193
897 193 913 209
880 176 896 192
884 209 900 225
869 193 885 209
898 206 914 222
882 196 898 212
919 209 935 225
899 189 915 205
872 202 888 218
855 187 871 203
858 203 874 219
838 190 854 206
840 199 856 215
829 183 845 199
827 201 843 217
810 187 826 203
836 185 852 201
815 170 831 186
846 189 862 205
831 175 847 191
864 190 880 206
844 172 860 188
826 83 842 99
811 66 827 82
843 84 859 100
830 68 846 84
859 86 875 102
840 69 856 85
873 86 889 102
858 68 874 84
892 84 908 100
870 69 886 85
883 73 899 89
862 57 878 73
863 73 879 89
853 54 869 70
853 69 869 85
832 54 848 70
839 70 855 86
819 49 835 65
844 55 860 71
831 41 847 57
858 42 874 58
836 30 852 46
873 47 889 63
856 29 872 45
883 44 899 60
873 27 889 43
873 61 889 77
857 42 873 58
862 55 878 71
845 43 861 59
886 55 902 71
874 43 890 59
902 55 918 71
885 42 901 58
781 143 797 159
764 130 780 146
796 135 812 151
776 114 792 130
803 118 819 134
783 106 799 122
812 105 828 121
794 90 810 106
820 92 836 108
803 79 819 95
834 91 850 107
822 78 838 94
829 109 845 125
813 89 829 105
809 129 825 145
790 113 806 129
801 143 817 159
781 128 797 144
809 157 825 173
793 144 809 160
819 160 835 176
802 145 818 161
813 144 829 160
796 133 812 149
825 134 841 150
811 118 827 134
831 124 847 140
813 109 829 125
838 107 854 123
821 93 837 109
852 113 868 129
841 92 857 108
851 98 867 114
839 78 855 94
866 100 882 116
848 79 864 95
880 97 896 113
867 85 883 101
870 106 886 122
858 92 874 108
887 116 903 132
872 95 888 111
899 101 915 117
879 84 895 100
905 113 921 129
888 99 904 115
893 125 909 141
880 106 896 122
877 127 893 143
862 107 878 123
864 123 880 139
852 111 868 127
853 123 869 139
836 104 852 120
842 138 858 154
825 120 841 136
833 147 849 163
813 133 829 149
844 154 860 170
830 136 846 152
851 140 867 156
834 123 850 139
871 138 887 154
852 119 868 135
887 135 903 151
869 122 885 138
900 139 916 155
884 126 900 142
865 147 881 163
849 134 865 150
855 163 871 179
837 145 853 161
834 161 850 177
821 146 837 162
863 166 879 182
846 149 862 165
875 152 891 168
860 134 876 150
892 155 908 171
877 136 893 152
878 166 894 182
867 148 883 164
894 166 910 182
876 150 892 166
905 157 921 173
888 138 904 154
908 168 924 184
890 149 906 165
814 215 830 231
798 202 814 218
806 224 822 240
792 210 808 226
795 238 811 254
779 219 795 235
815 240 831 256
799 223 815 239
819 228 835 244
804 210 820 226
833 214 849 230
814 203 830 219
843 217 859 233
832 204 848 220
838 230 854 246
826 210 842 226
830 236 846 252
814 221 830 237
845 244 861 260
824 227 840 243
855 232 871 248
834 213 850 229
862 218 878 234
844 201 860 217
877 222 893 238
858 202 874 218
865 226 881 242
851 216 867 232
886 236 902 252
867 219 883 235
888 216 904 232
874 200 890 216
905 218 921 234
890 202 906 218
897 234 913 250
886 217 902 233
893 241 909 257
877 231 893 247
884 258 900 274
871 246 887 262
868 259 884 275
850 243 866 259
857 271 873 287
845 254 861 270
877 242 893 258
860 230 876 246
858 243 874 259
840 225 856 241
849 254 865 270
832 239 848 255
837 254 853 270
818 236 834 252
820 250 836 266
802 237 818 253
909 249 925 265
889 232 905 248
918 249 934 265
901 231 917 247
912 230 928 246
896 218 912 234
908 261 924 277
893 246 909 262
906 275 922 291
885 256 901 272
887 269 903 285
870 254 886 270
915 274 931 290
900 259 916 275
930 276 946 292
911 260 927 276
909 290 925 306
894 274 910 290
888 285 904 301
876 264 892 280
924 287 940 303
902 267 918 283
926 297 942 313
910 276 926 292
937 287 953 303
921 268 937 284
934 268 950 284
920 256 936 272
925 260 941 276
911 242 927 258
917 220 933 236
902 203 918 219
914 191 930 207
898 178 914 194
700 191 716 207
685 176 701 192
711 200 727 216
691 188 707 204
715 198 731 214
701 176 717 192
722 203 738 219
710 188 726 204
717 221 733 237
701 202 717 218
728 222 744 238
711 203 727 219
736 210 752 226
725 191 741 207
744 222 760 238
731 203 747 219
737 233 753 249
723 217 739 233
731 243 747 259
717 229 733 245
720 231 736 247
708 215 724 231
733 261 749 277
721 248 737 264
747 244 763 260
729 232 745 248
754 236 770 252
732 221 748 237
760 221 776 237
740 209 756 225
761 247 777 263
744 235 760 251
749 261 765 277
735 240 751 256
743 270 759 286
725 257 741 273
745 283 761 299
728 272 744 288
759 285 775 301
744 272 760 288
778 287 794 303
760 275 776 291
798 295 814 311
778 277 794 293
804 276 820 292
782 265 798 281
813 263 829 279
797 246 813 262
816 281 832 297
801 265 817 281
832 267 848 283
815 249 831 265
810 291 826 307
791 274 807 290
828 292 844 308
809 276 825 292
834 282 850 298
813 261 829 277
845 278 861 294
828 264 844 280
846 296 862 312
827 278 843 294
870 291 886 307
854 275 870 291
862 286 878 302
843 266 859 282
778 265 794 281
764 249 780 265
774 278 790 294
754 258 770 274
757 276 773 292
742 255 758 271
764 261 780 277
749 247 765 263
774 246 790 262
763 235 779 251
789 251 805 267
772 234 788 250
805 249 821 265
784 232 800 248
767 234 783 250
753 222 769 238
777 220 793 236
758 209 774 225
344 291 360 307
325 277 341 293
352 308 368 324
332 291 348 307
359 322 375 338
338 306 354 322
367 334 383 350
351 318 367 334
371 343 387 359
352 328 368 344
379 362 395 378
361 345 377 361
381 373 397 389
366 352 382 368
393 380 409 396
376 370 392 386
358 297 374 313
343 276 359 292
369 290 385 306
355 270 371 286
363 310 379 326
347 295 363 311
376 297 392 313
358 275 374 291
386 295 402 311
371 279 387 295
399 291 415 307
377 270 393 286
413 287 429 303
394 270 410 286
400 299 416 315
386 286 402 302
397 311 413 327
377 294 393 310
380 308 396 324
364 295 380 311
370 319 386 335
353 305 369 321
385 323 401 339
368 308 384 324
401 321 417 337
384 309 400 325
409 308 425 324
390 298 406 314
420 297 436 313
400 282 416 298
424 289 440 305
411 271 427 287
439 287 455 303
426 273 442 289
428 301 444 317
417 282 433 298
422 308 438 324
406 292 422 308
416 326 432 342
402 309 418 325
411 335 427 351
393 321 409 337
396 335 412 351
376 321 392 337
378 337 394 353
365 319 381 335
387 344 403 360
373 331 389 347
403 347 419 363
386 333 402 349
397 364 413 380
379 346 395 362
400 377 416 393
387 357 403 373
405 384 421 400
395 370 411 386
401 400 417 416
387 378 403 394
416 373 432 389
398 361 414 377
412 359 428 375
396 344 412 360
416 347 432 363
403 332 419 348
423 332 439 348
406 320 422 336
431 322 447 338
414 309 430 325
437 313 453 329
418 297 434 313
442 298 458 314
424 282 440 298
450 309 466 325
434 295 450 311
459 302 475 318
446 286 462 302
474 296 490 312
457 280 473 296
466 309 482 325
452 299 468 315
456 321 472 337
445 310 461 326
454 337 470 353
439 322 455 338
441 351 457 367
428 331 444 347
433 350 449 366
412 333 428 349
438 337 454 353
422 318 438 334
448 326 464 342
430 312 446 328
423 359 439 375
408 345 424 361
430 374 446 390
413 362 429 378
441 360 457 376
423 345 439 361
447 373 463 389
429 355 445 371
449 365 465 381
439 349 455 365
462 348 478 364
442 337 458 353
463 340 479 356
451 324 467 340
473 328 489 344
459 311 475 327
483 310 499 326
467 296 483 312
487 302 503 318
472 285 488 301
498 297 514 313
483 287 499 303
410 411 426 427
396 390 412 406
417 400 433 416
399 386 415 402
419 386 435 402
402 367 418 383
423 410 439 426
402 394 418 410
425 403 441 419
414 386 430 402
436 389 452 405
422 370 438 386
433 423 449 439
411 410 427 426
434 414 450 430
417 396 433 412
443 401 459 417
425 384 441 400
454 391 470 407
432 376 448 392
457 374 473 390
443 359 459 375
471 362 487 378
451 348 467 364
475 347 491 363
457 337 473 353
482 337 498 353
468 324 484 340
498 340 514 356
481 318 497 334
492 352 508 368
471 338 487 354
485 363 501 379
464 348 480 364
470 374 486 390
458 361 474 377
466 386 482 402
450 369 466 385
459 402 475 418
445 382 461 398
448 410 464 426
437 394 453 410
441 424 457 440
425 408 441 424
438 438 454 454
419 420 435 436
449 442 465 458
433 426 449 442
460 427 476 443
440 409 456 425
469 419 485 435
450 399 466 415
474 398 490 414
459 386 475 402
489 401 505 417
469 386 485 402
481 415 497 431
467 399 483 415
470 427 486 443
457 414 473 430
469 435 485 451
449 422 465 438
457 453 473 469
438 436 454 452
465 461 481 477
449 449 465 465
472 453 488 469
453 433 469 449
478 439 494 455
462 424 478 440
488 428 504 444
468 414 484 430
494 413 510 429
478 396 494 412
504 400 520 416
486 388 502 404
516 405 532 421
498 384 514 400
527 388 543 404
508 378 524 394
509 389 525 405
493 371 509 387
496 390 512 406
480 374 496 390
485 378 501 394
469 359 485 375
492 362 508 378
479 345 495 361
501 349 517 365
484 334 500 350
505 362 521 378
494 347 510 363
514 377 530 393
500 360 516 376
528 376 544 392
513 359 529 375
523 365 539 381
503 350 519 366
517 354 533 370
500 340 516 356
528 352 544 368
515 336 531 352
540 365 556 381
522 347 538 363
547 351 563 367
533 333 549 349
535 389 551 405
519 372 535 388
554 392 570 408
539 378 555 394
556 379 572 395
540 367 556 383
543 378 559 394
526 363 542 379
572 379 588 395
554 363 570 379
587 380 603 396
571 360 587 376
607 378 623 394
586 363 602 379
619 378 635 394
599 366 615 382
633 379 649 395
614 365 630 381
643 384 659 400
628 363 644 379
661 385 677 401
644 364 660 380
651 395 667 411
637 380 653 396
669 395 685 411
653 377 669 393
664 414 680 430
647 397 663 413
656 424 672 440
636 405 652 421
646 436 662 452
628 418 644 434
637 443 653 459
624 429 640 445
632 460 648 476
615 443 631 459
626 472 642 488
609 457 625 473
599 486 615 502
583 466 599 482
611 472 627 488
598 458 614 474
605 471 621 487
587 456 603 472
602 455 618 471
585 442 601 458
587 460 603 476
569 439 585 455
570 454 586 470
557 439 573 455
566 469 582 485
553 452 569 468
582 468 598 484
564 454 580 470
595 472 611 488
577 454 593 470
554 466 570 482
539 448 555 464
559 457 575 473
543 440 559 456
553 446 569 462
536 426 552 442
547 456 563 472
526 438 542 454
537 469 553 485
520 452 536 468
526 467 542 483
509 452 525 468
508 466 524 482
492 449 508 465
491 468 507 484
474 451 490 467
478 466 494 482
464 446 480 462
487 454 503 470
470 436 486 452
492 443 508 459
473 424 489 440
498 426 514 442
482 410 498 426
509 412 525 428
496 401 512 417
522 413 538 429
508 396 524 412
512 425 528 441
500 412 516 428
508 440 524 456
492 425 508 441
501 451 517 467
483 434 499 450
509 455 525 471
494 439 510 455
517 442 533 458
502 421 518 437
526 431 542 447
510 413 526 429
537 414 553 430
523 396 539 412
543 407 559 423
528 386 544 402
532 402 548 418
514 384 530 400
559 404 575 420
539 385 555 401
552 418 568 434
538 397 554 413
548 431 564 447
529 410 545 426
539 443 555 459
524 423 540 439
533 457 549 473
518 437 534 453
559 428 575 444
539 414 555 430
567 417 583 433
550 398 566 414
572 403 588 419
555 385 571 401
568 390 584 406
552 379 568 395
583 391 599 407
568 377 584 393
594 393 610 409
576 379 592 395
585 406 601 422
572 385 588 401
616 391 632 407
597 372 613 388
608 401 624 417
588 390 604 406
596 413 612 429
578 397 594 413
607 418 623 434
589 402 605 418
605 427 621 443
586 412 602 428
600 444 616 460
580 425 596 441
581 444 597 460
564 424 580 440
591 431 607 447
573 411 589 427
572 430 588 446
560 413 576 429
562 445 578 461
548 427 564 443
609 449 625 465
596 429 612 445
628 450 644 466
607 431 623 447
634 432 650 448
614 416 630 432
615 433 631 449
602 422 618 438
622 423 638 439
610 402 626 418
635 423 651 439
622 409 638 425
646 407 662 423
633 391 649 407
630 407 646 423
616 392 632 408
613 405 629 421
597 386 613 402
622 391 638 407
609 376 625 392
639 393 655 409
622 378 638 394
490 326 506 342
475 309 491 325
497 312 513 328
479 297 495 313
516 297 532 313
502 286 518 302
512 315 528 331
494 295 510 311
502 329 518 345
485 310 501 326
519 325 535 341
500 310 516 326
509 337 525 353
495 324 511 340
523 344 539 360
510 328 526 344
527 325 543 341
514 314 530 330
544 310 560 326
528 295 544 311
550 303 566 319
530 287 546 303
528 300 544 316
512 286 528 302
525 317 541 333
510 301 526 317
562 305 578 321
543 284 559 300
557 316 573 332
538 300 554 316
546 322 562 338
534 310 550 326
541 341 557 357
521 323 537 339
555 340 571 356
538 323 554 339
559 328 575 344
549 317 565 333
570 312 586 328
551 301 567 317
573 300 589 316
561 286 577 302
590 301 606 317
576 288 592 304
580 314 596 330
567 304 583 320
595 320 611 336
580 304 596 320
589 329 605 345
575 314 591 330
573 331 589 347
561 312 577 328
567 340 583 356
552 327 568 343
586 343 602 359
565 325 581 341
574 352 590 368
559 338 575 354
561 356 577 372
548 334 564 350
549 369 565 385
533 351 549 367
569 364 585 380
555 349 571 365
579 365 595 381
565 353 581 369
592 353 608 369
571 340 587 356
595 364 611 380
579 351 595 367
603 352 619 368
590 341 606 357
594 346 610 362
579 329 595 345
602 333 618 349
586 311 602 327
614 343 630 359
600 327 616 343
622 358 638 374
603 340 619 356
625 371 641 387
611 357 627 373
612 367 628 383
596 353 612 369
637 368 653 384
625 355 641 371
651 370 667 386
635 354 651 370
635 355 651 371
617 341 633 357
624 345 640 361
607 326 623 342
619 333 635 349
604 317 620 333
627 319 643 335
607 307 623 323
618 302 634 318
603 290 619 306
610 318 626 334
595 300 611 316
637 303 653 319
620 290 636 306
644 304 660 320
633 288 649 304
669 308 685 324
650 290 666 306
652 319 668 335
638 304 654 320
638 321 654 337
624 302 640 318
651 329 667 345
629 315 645 331
629 335 645 351
616 317 632 333
645 341 661 357
629 325 645 341
645 354 661 370
630 342 646 358
657 340 673 356
644 325 660 341
662 358 678 374
649 343 665 359
671 368 687 384
654 356 670 372
602 307 618 323
589 290 605 306
676 304 692 320
664 291 680 307
693 311 709 327
676 291 692 307
706 306 722 322
688 295 704 311
724 306 740 322
707 294 723 310
735 312 751 328
718 292 734 308
754 308 770 324
734 294 750 310
762 296 778 312
746 281 762 297
766 313 782 329
749 297 765 313
774 306 790 322
758 285 774 301
789 302 805 318
774 289 790 305
784 317 800 333
763 301 779 317
773 327 789 343
756 307 772 323
763 325 779 341
746 310 762 326
743 323 759 339
733 312 749 328
731 324 747 340
711 305 727 321
715 324 731 340
704 309 720 325
703 327 719 343
687 307 703 323
689 322 705 338
673 310 689 326
617 459 633 475
599 444 615 460
636 469 652 485
625 457 641 473
629 480 645 496
615 468 631 484
647 459 663 475
633 441 649 457
655 444 671 460
634 431 650 447
667 445 683 461
651 429 667 445
673 406 689 422
657 391 673 407
685 400 701 416
664 386 680 402
669 425 685 441
653 408 669 424
660 434 676 450
646 423 662 439
