135 567 151 583
155 566 171 582
137 552 153 568
154 555 170 571
134 538 150 554
151 539 167 555
134 522 150 538
153 525 169 541
136 506 152 522
150 506 166 522
136 490 152 506
157 493 173 509
141 475 157 491
157 478 173 494
137 459 153 475
157 461 173 477
139 441 155 457
168 449 184 465
155 439 171 455
182 444 198 460
168 426 184 442
194 437 210 453
178 425 194 441
210 432 226 448
195 416 211 432
204 417 220 433
194 400 210 416
217 411 233 427
205 395 221 411
217 388 233 404
206 372 222 388
234 390 250 406
219 370 235 386
247 379 263 395
235 364 251 380
261 369 277 385
247 356 263 372
276 360 292 376
259 343 275 359
23 415 39 431
5 397 21 413
39 410 55 426
17 392 33 408
48 397 64 413
35 384 51 400
21 428 37 444
10 411 26 427
39 423 55 439
17 403 33 419
51 416 67 432
33 403 49 419
61 410 77 426
47 393 63 409
81 399 97 415
63 385 79 401
76 388 92 404
61 371 77 387
90 381 106 397
76 365 92 381
107 372 123 388
85 356 101 372
119 362 135 378
103 344 119 360
118 379 134 395
104 361 120 377
128 364 144 380
115 348 131 364
144 362 160 378
127 348 143 364
161 355 177 371
140 341 156 357
144 346 160 362
127 328 143 344
162 335 178 351
143 320 159 336
159 324 175 340
144 313 160 329
171 328 187 344
156 315 172 331
185 325 201 341
168 306 184 322
198 320 214 336
180 300 196 316
209 310 225 326
191 291 207 307
221 298 237 314
205 288 221 304
237 294 253 310
221 275 237 291
185 309 201 325
168 292 184 308
187 294 203 310
171 282 187 298
186 283 202 299
165 264 181 280
175 286 191 302
159 270 175 286
149 303 165 319
128 283 144 299
132 308 148 324
120 295 136 311
130 293 146 309
116 279 132 295
143 285 159 301
127 267 143 283
170 268 186 284
159 253 175 269
185 268 201 284
165 249 181 265
207 263 223 279
191 243 207 259
220 253 236 269
209 238 225 254
224 276 240 292
205 259 221 275
214 280 230 296
198 266 214 282
198 290 214 306
179 273 195 289
195 274 211 290
184 258 200 274
196 299 212 315
184 288 200 304
203 299 219 315
192 279 208 295
219 284 235 300
203 269 219 285
171 253 187 269
153 238 169 254
172 241 188 257
156 227 172 243
174 227 190 243
158 212 174 228
172 210 188 226
157 193 173 209
174 194 190 210
156 177 172 193
181 199 197 215
167 185 183 201
202 205 218 221
183 193 199 209
188 221 204 237
172 205 188 221
186 230 202 246
169 218 185 234
197 227 213 243
183 209 199 225
201 240 217 256
183 227 199 243
209 220 225 236
193 202 209 218
155 238 171 254
143 221 159 237
162 248 178 264
145 232 161 248
161 264 177 280
141 249 157 265
142 410 158 426
128 390 144 406
157 401 173 417
137 384 153 400
168 392 184 408
157 373 173 389
186 383 202 399
172 372 188 388
196 381 212 397
180 362 196 378
207 372 223 388
190 354 206 370
221 366 237 382
206 346 222 362
235 353 251 369
220 338 236 354
243 363 259 379
227 344 243 360
259 354 275 370
245 338 261 354
264 337 280 353
249 324 265 340
260 320 276 336
243 306 259 322
250 331 266 347
235 321 251 337
248 318 264 334
230 305 246 321
237 327 253 343
216 309 232 325
236 310 252 326
223 290 239 306
251 301 267 317
234 282 250 298
223 315 239 331
205 304 221 320
211 324 227 340
196 311 212 327
194 330 210 346
183 315 199 331
192 347 208 363
181 329 197 345
196 366 212 382
182 348 198 364
206 351 222 367
194 337 210 353
222 331 238 347
207 319 223 335
186 370 202 386
169 354 185 370
154 389 170 405
141 371 157 387
144 396 160 412
130 378 146 394
129 402 145 418
114 381 130 397
119 409 135 425
103 395 119 411
119 396 135 412
101 380 117 396
133 386 149 402
119 370 135 386
160 369 176 385
142 352 158 368
166 362 182 378
153 349 169 365
186 357 202 373
165 339 181 355
172 348 188 364
156 328 172 344
172 301 188 317
158 282 174 298
157 296 173 312
137 275 153 291
155 311 171 327
136 293 152 309
147 280 163 296
127 258 143 274
167 473 183 489
155 454 171 470
178 464 194 480
163 442 179 458
196 454 212 470
181 438 197 454
207 444 223 460
191 430 207 446
217 440 233 456
202 421 218 437
223 423 239 439
204 408 220 424
229 416 245 432
218 402 234 418
243 409 259 425
230 393 246 409
246 397 262 413
232 382 248 398
257 390 273 406
242 373 258 389
273 381 289 397
253 360 269 376
231 401 247 417
218 389 234 405
266 403 282 419
245 387 261 403
256 418 272 434
243 403 259 419
246 429 262 445
229 408 245 424
236 432 252 448
217 417 233 433
238 446 254 462
224 430 240 446
230 461 246 477
216 447 232 463
206 463 222 479
193 443 209 459
193 472 209 488
176 452 192 468
196 485 212 501
175 466 191 482
205 489 221 505
190 473 206 489
204 477 220 493
189 465 205 481
195 500 211 516
181 481 197 497
179 506 195 522
167 492 183 508
166 517 182 533
153 497 169 513
171 497 187 513
152 484 168 500
194 515 210 531
178 501 194 517
179 521 195 537
160 505 176 521
162 532 178 548
150 510 166 526
165 542 181 558
147 525 163 541
168 557 184 573
152 542 168 558
169 576 185 592
153 560 169 576
125 583 141 599
108 562 124 578
123 565 139 581
107 553 123 569
141 575 157 591
120 557 136 573
126 570 142 586
73 575 89 591
104 581 120 597
90 564 106 580
86 572 102 588
72 557 88 573
73 578 89 594
53 563 69 579
59 554 75 570
47 542 63 558
113 582 129 598
95 565 111 581
99 546 115 562
83 536 99 552
99 536 115 552
84 518 100 534
102 518 118 534
85 508 101 524
102 505 118 521
83 493 99 509
102 494 118 510
84 472 100 488
103 473 119 489
90 459 106 475
103 458 119 474
86 442 102 458
102 444 118 460
85 428 101 444
108 430 124 446
87 413 103 429
92 437 108 453
72 418 88 434
76 447 92 463
57 429 73 445
64 452 80 468
50 435 66 451
49 458 65 474
33 440 49 456
49 447 65 463
34 426 50 442
40 451 56 467
23 438 39 454
20 464 36 480
1 443 17 459
35 433 51 449
19 419 35 435
66 440 82 456
52 425 68 441
74 428 90 444
63 412 79 428
75 414 91 430
59 396 75 412
67 423 83 439
50 408 66 424
93 419 109 435
77 405 93 421
89 406 105 422
74 387 90 403
95 447 111 463
74 436 90 452
77 458 93 474
59 442 75 458
61 468 77 484
46 451 62 467
77 479 93 495
56 461 72 477
89 469 105 485
72 455 88 471
113 474 129 490
98 455 114 471
90 485 106 501
79 465 95 481
78 487 94 503
62 472 78 488
91 500 107 516
73 479 89 495
91 512 107 528
70 498 86 514
90 523 106 539
71 511 87 527
73 502 89 518
62 484 78 500
116 503 132 519
96 482 112 498
127 492 143 508
108 477 124 493
135 486 151 502
121 470 137 486
138 495 154 511
122 480 138 496
142 510 158 526
125 494 141 510
125 520 141 536
109 506 125 522
125 534 141 550
110 520 126 536
143 542 159 558
122 524 138 540
115 554 131 570
102 537 118 553
136 531 152 547
122 514 138 530
125 475 141 491
111 459 127 475
117 483 133 499
102 467 118 483
142 470 158 486
128 449 144 465
142 452 158 468
129 435 145 451
120 451 136 467
100 438 116 454
144 420 160 436
130 410 146 426
154 412 170 428
138 399 154 415
165 409 181 425
148 390 164 406
181 414 197 430
165 402 181 418
181 428 197 444
162 411 178 427
196 419 212 435
183 403 199 419
167 437 183 453
150 425 166 441
168 428 184 444
155 407 171 423
193 393 209 409
177 373 193 389
209 386 225 402
189 369 205 385
222 376 238 392
210 362 226 378
210 397 226 413
193 384 209 400
236 375 252 391
218 355 234 371
221 345 237 361
204 333 220 349
127 461 143 477
111 447 127 463
144 434 160 450
128 416 144 432
121 423 137 439
101 408 117 424
66 374 82 390
53 358 69 374
68 359 84 375
51 347 67 363
50 368 66 384
30 354 46 370
78 352 94 368
62 339 78 355
88 344 104 360
77 329 93 345
105 341 121 357
90 323 106 339
122 348 138 364
106 331 122 347
131 337 147 353
116 319 132 335
115 439 131 455
101 428 117 444
127 442 143 458
111 423 127 439
16 54 32 70
3 40 19 56
32 48 48 64
18 31 34 47
35 36 51 52
16 20 32 36
17 43 33 59
4 21 20 37
19 73 35 89
4 57 20 73
33 76 49 92
12 60 28 76
43 75 59 91
30 59 46 75
56 65 72 81
41 50 57 66
57 77 73 93
42 66 58 82
44 88 60 104
31 71 47 87
30 96 46 112
12 79 28 95
73 74 89 90
56 58 72 74
72 88 88 104
53 69 69 85
61 89 77 105
47 74 63 90
56 108 72 124
41 89 57 105
42 115 58 131
30 98 46 114
43 101 59 117
30 87 46 103
27 124 43 140
17 106 33 122
15 117 31 133
3 102 19 118
8 310 24 326
24 320 40 336
8 307 24 323
43 318 59 334
25 302 41 318
36 298 52 314
20 281 36 297
54 292 70 308
35 275 51 291
68 283 84 299
47 270 63 286
80 278 96 294
60 264 76 280
93 273 109 289
77 253 93 269
109 263 125 279
93 247 109 263
122 258 138 274
106 238 122 254
120 241 136 257
101 225 117 241
132 231 148 247
117 216 133 232
136 245 152 261
118 226 134 242
141 254 157 270
124 239 140 255
122 227 138 243
106 209 122 225
123 208 139 224
101 196 117 212
120 191 136 207
102 177 118 193
135 182 151 198
119 166 135 182
131 203 147 219
119 189 135 205
149 196 165 212
129 174 145 190
152 210 168 226
136 191 152 207
110 181 126 197
97 169 113 185
94 182 110 198
78 161 94 177
82 171 98 187
66 153 82 169
65 161 81 177
49 143 65 159
70 147 86 163
54 132 70 148
82 153 98 169
62 136 78 152
57 139 73 155
39 118 55 134
50 151 66 167
38 136 54 152
45 164 61 180
32 150 48 166
32 151 48 167
15 135 31 151
57 173 73 189
41 157 57 173
66 176 82 192
53 165 69 181
81 190 97 206
69 171 85 187
93 193 109 209
80 178 96 194
106 204 122 220
92 190 108 206
108 215 124 231
90 199 106 215
95 222 111 238
78 209 94 225
82 230 98 246
65 214 81 230
79 218 95 234
62 201 78 217
82 200 98 216
63 184 79 200
70 211 86 227
54 191 70 207
57 214 73 230
41 199 57 215
41 221 57 237
24 205 40 221
41 206 57 222
29 191 45 207
29 202 45 218
14 188 30 204
31 187 47 203
13 169 29 185
17 194 33 210
18 175 34 191
16 161 32 177
14 149 30 165
1 134 17 150
40 127 56 143
25 114 41 130
32 107 48 123
16 92 32 108
13 85 29 101
15 103 31 119
1 83 17 99
16 132 32 148
1 114 17 130
97 206 113 222
81 194 97 210
13 372 29 388
83 295 99 311
67 273 83 289
69 308 85 324
50 292 66 308
77 314 93 330
65 298 81 314
67 325 83 341
51 310 67 326
69 335 85 351
52 317 68 333
39 329 55 345
28 311 44 327
22 336 38 352
5 320 21 336
42 340 58 356
28 325 44 341
25 377 41 393
8 362 24 378
24 364 40 380
7 349 23 365
25 353 41 369
6 336 22 352
8 390 24 406
53 432 69 448
33 415 49 431
13 554 29 570
13 498 29 514
21 491 37 507
6 476 22 492
32 484 48 500
16 467 32 483
10 512 26 528
19 503 35 519
5 488 21 504
25 580 41 596
5 561 21 577
23 565 39 581
7 550 23 566
36 560 52 576
15 544 31 560
39 543 55 559
22 527 38 543
55 533 71 549
34 520 50 536
48 551 64 567
33 531 49 547
39 529 55 545
22 511 38 527
34 511 50 527
21 495 37 511
52 505 68 521
35 489 51 505
23 516 39 532
6 500 22 516
36 568 52 584
23 551 39 567
36 580 52 596
20 568 36 584
7 528 23 544
25 532 41 548
4 514 20 530
38 491 54 507
18 474 34 490
51 483 67 499
37 466 53 482
64 483 80 499
48 465 64 481
62 496 78 512
47 477 63 493
16 220 32 236
2 209 18 225
25 220 41 236
10 201 26 217
26 231 42 247
9 211 25 227
26 244 42 260
9 230 25 246
14 252 30 268
15 267 31 283
25 257 41 273
8 240 24 256
24 288 40 304
8 277 24 293
10 285 26 301
26 277 42 293
9 261 25 277
44 270 60 286
24 255 40 271
45 256 61 272
27 241 43 257
53 250 69 266
35 230 51 246
54 232 70 248
41 215 57 231
40 237 56 253
24 220 40 236
69 257 85 273
52 237 68 253
76 246 92 262
60 232 76 248
92 238 108 254
79 224 95 240
104 231 120 247
87 219 103 235
59 276 75 292
40 261 56 277
63 272 79 288
47 250 63 266
78 265 94 281
59 244 75 260
90 252 106 268
77 241 93 257
111 247 127 263
95 234 111 250
43 43 59 59
27 25 43 41
45 23 61 39
28 8 44 24
30 19 46 35
17 5 33 21
60 45 76 61
41 26 57 42
44 58 60 74
29 38 45 54
33 63 49 79
14 50 30 66
26 169 42 185
12 155 28 171
42 188 58 204
27 177 43 193
72 196 88 212
51 180 67 196
107 410 123 426
90 397 106 413
150 270 166 286
134 252 150 268
95 284 111 300
78 268 94 284
108 273 124 289
87 261 103 277
120 271 136 287
109 255 125 271
128 219 144 235
111 201 127 217
212 236 228 252
199 216 215 232
11 238 27 254
159 189 175 205
138 168 154 184
187 248 203 264
168 232 184 248
287 370 303 386
266 359 282 375
237 260 253 276
218 247 234 263
239 281 255 297
220 263 236 279
185 337 201 353
165 322 181 338
172 375 188 391
154 357 170 373
276 392 292 408
259 378 275 394
253 434 269 450
238 418 254 434
248 443 264 459
229 422 245 438
228 446 244 462
211 431 227 447
220 466 236 482
198 453 214 469
214 486 230 502
199 470 215 486
180 481 196 497
163 461 179 477
158 428 174 444
144 415 160 431
178 399 194 415
163 384 179 400
22 443 38 459
7 428 23 444
56 519 72 535
38 498 54 514
81 365 97 381
60 352 76 368
89 359 105 375
75 345 91 361
90 394 106 410
76 380 92 396
113 513 129 529
98 498 114 514
112 531 128 547
94 515 110 531
130 503 146 519
111 488 127 504
131 420 147 436
115 405 131 421
163 484 179 500
151 465 167 481
135 327 151 343
119 309 135 325
144 377 160 393
127 360 143 376
197 259 213 275
181 240 197 256
9 543 25 559
125 552 141 568
113 537 129 553
142 560 158 576
127 545 143 561
633 8 649 24
621 21 637 37
601 2 617 18
635 30 651 46
619 16 635 32
648 21 664 37
626 4 642 20
655 9 671 25
636 43 652 59
621 25 637 41
637 57 653 73
617 38 633 54
655 28 671 44
645 10 661 26
675 19 691 35
654 7 670 23
685 12 701 28
744 13 760 29
756 24 772 40
736 5 752 21
739 30 755 46
718 11 734 27
725 34 741 50
709 19 725 35
713 31 729 47
699 12 715 28
702 23 718 39
680 1 696 17
690 26 706 42
669 13 685 29
686 43 702 59
671 27 687 43
700 35 716 51
683 18 699 34
700 53 716 69
684 34 700 50
682 56 698 72
670 45 686 61
675 47 691 63
657 35 673 51
663 59 679 75
641 41 657 57
649 61 665 77
632 48 648 64
642 79 658 95
631 60 647 76
644 92 660 108
629 79 645 95
660 88 676 104
642 72 658 88
659 102 675 118
645 86 661 102
671 96 687 112
656 78 672 94
660 116 676 132
645 101 661 117
668 112 684 128
657 93 673 109
681 107 697 123
666 90 682 106
711 86 727 102
697 72 713 88
715 73 731 89
693 53 709 69
722 66 738 82
706 49 722 65
741 57 757 73
721 40 737 56
754 50 770 66
734 38 750 54
763 46 779 62
751 31 767 47
777 38 793 54
766 24 782 40
795 30 811 46
779 9 795 25
795 11 811 27
769 11 785 27
754 0 770 16
782 20 798 36
764 6 780 22
766 30 782 46
751 14 767 30
753 39 769 55
739 19 755 35
742 41 758 57
721 26 737 42
722 52 738 68
706 37 722 53
697 67 713 83
681 48 697 64
686 76 702 92
671 55 687 71
672 83 688 99
655 67 671 83
672 66 688 82
656 49 672 65
694 97 710 113
682 83 698 99
701 80 717 96
681 65 697 81
686 85 702 101
668 68 684 84
724 80 740 96
709 64 725 80
735 77 751 93
724 58 740 74
753 69 769 85
739 51 755 67
762 58 778 74
751 40 767 56
775 53 791 69
762 34 778 50
792 40 808 56
775 25 791 41
805 49 821 65
787 37 803 53
790 57 806 73
778 41 794 57
807 69 823 85
786 49 802 65
815 73 831 89
801 55 817 71
775 68 791 84
762 52 778 68
763 77 779 93
753 59 769 75
750 85 766 101
736 68 752 84
743 86 759 102
723 75 739 91
725 97 741 113
709 80 725 96
713 105 729 121
698 85 714 101
696 113 712 129
680 99 696 115
685 118 701 134
672 100 688 116
670 128 686 144
652 108 668 124
670 143 686 159
654 121 670 137
671 157 687 173
658 144 674 160
685 145 701 161
669 132 685 148
684 135 700 151
670 117 686 133
695 129 711 145
682 109 698 125
706 120 722 136
696 100 712 116
719 112 735 128
708 98 724 114
723 123 739 139
707 109 723 125
712 135 728 151
691 117 707 133
692 139 708 155
681 123 697 139
738 117 754 133
722 102 738 118
738 103 754 119
720 85 736 101
748 101 764 117
735 83 751 99
764 86 780 102
752 69 768 85
778 81 794 97
759 65 775 81
789 72 805 88
778 55 794 71
792 90 808 106
774 74 790 90
802 80 818 96
787 67 803 83
821 90 837 106
799 71 815 87
802 95 818 111
786 84 802 100
793 106 809 122
776 91 792 107
776 111 792 127
763 94 779 110
761 119 777 135
748 103 764 119
748 125 764 141
732 110 748 126
750 112 766 128
734 96 750 112
764 107 780 123
745 88 761 104
739 133 755 149
718 118 734 134
726 139 742 155
713 127 729 143
708 150 724 166
692 135 708 151
700 155 716 171
682 140 698 156
683 162 699 178
668 149 684 165
683 183 699 199
667 166 683 182
699 175 715 191
680 159 696 175
711 166 727 182
693 149 709 165
722 157 738 173
707 142 723 158
735 148 751 164
721 135 737 151
748 143 764 159
734 124 750 140
764 139 780 155
747 122 763 138
772 131 788 147
760 112 776 128
785 121 801 137
771 103 787 119
803 116 819 132
790 97 806 113
814 108 830 124
801 91 817 107
832 116 848 132
816 97 832 113
815 118 831 134
800 102 816 118
792 136 808 152
773 120 789 136
774 143 790 159
758 126 774 142
766 150 782 166
745 135 761 151
754 154 770 170
738 143 754 159
736 169 752 185
723 148 739 164
708 179 724 195
693 162 709 178
697 186 713 202
682 173 698 189
685 192 701 208
666 177 682 193
697 206 713 222
682 187 698 203
697 216 713 232
682 199 698 215
697 228 713 244
679 216 695 232
705 224 721 240
695 212 711 228
718 221 734 237
707 203 723 219
735 211 751 227
718 197 734 213
747 203 763 219
732 188 748 204
761 198 777 214
748 178 764 194
777 190 793 206
756 177 772 193
776 172 792 188
760 158 776 174
772 156 788 172
755 142 771 158
787 154 803 170
772 138 788 154
805 145 821 161
786 129 802 145
830 126 846 142
817 116 833 132
833 145 849 161
814 126 830 142
843 135 859 151
824 117 840 133
820 152 836 168
801 134 817 150
815 135 831 151
797 120 813 136
846 120 862 136
827 104 843 120
831 160 847 176
815 144 831 160
819 169 835 185
800 147 816 163
819 181 835 197
798 163 814 179
826 176 842 192
810 159 826 175
841 165 857 181
825 149 841 165
843 184 859 200
827 166 843 182
824 186 840 202
813 171 829 187
828 205 844 221
813 189 829 205
841 194 857 210
825 183 841 199
839 208 855 224
824 192 840 208
739 180 755 196
721 166 737 182
721 188 737 204
708 170 724 186
726 172 742 188
706 156 722 172
711 194 727 210
696 178 712 194
707 210 723 226
694 193 710 209
727 201 743 217
711 188 727 204
736 195 752 211
718 176 734 192
751 186 767 202
732 175 748 191
762 184 778 200
744 168 760 184
750 173 766 189
734 161 750 177
765 167 781 183
745 153 761 169
792 177 808 193
776 162 792 178
710 242 726 258
693 223 709 239
720 232 736 248
707 217 723 233
738 224 754 240
724 211 740 227
747 221 763 237
734 201 750 217
763 209 779 225
746 192 762 208
790 198 806 214
772 178 788 194
800 186 816 202
789 175 805 191
801 201 817 217
788 186 804 202
803 219 819 235
781 205 797 221
786 230 802 246
776 209 792 225
778 236 794 252
760 216 776 232
774 219 790 235
761 204 777 220
765 223 781 239
748 211 764 227
737 238 753 254
722 225 738 241
723 246 739 262
705 233 721 249
721 262 737 278
709 245 725 261
734 254 750 270
720 240 736 256
723 274 739 290
710 256 726 272
733 270 749 286
717 257 733 273
732 284 748 300
718 273 734 289
749 282 765 298
730 266 746 282
749 231 765 247
736 215 752 231
750 252 766 268
733 233 749 249
761 240 777 256
747 228 763 244
765 252 781 268
746 238 762 254
777 250 793 266
762 233 778 249
785 256 801 272
771 236 787 252
796 246 812 262
780 231 796 247
809 239 825 255
799 229 815 245
818 225 834 241
797 207 813 223
827 233 843 249
812 221 828 237
835 227 851 243
821 207 837 223
836 239 852 255
824 220 840 236
829 246 845 262
810 233 826 249
812 252 828 268
798 237 814 253
801 261 817 277
785 247 801 263
788 268 804 284
774 256 790 272
798 277 814 293
782 263 798 279
773 281 789 297
761 267 777 283
774 267 790 283
758 252 774 268
762 288 778 304
747 271 763 287
750 291 766 307
738 280 754 296
736 299 752 315
719 287 735 303
751 305 767 321
733 291 749 307
749 321 765 337
728 308 744 324
760 314 776 330
748 299 764 315
759 304 775 320
743 286 759 302
777 292 793 308
760 278 776 294
773 310 789 326
756 292 772 308
790 301 806 317
772 282 788 298
797 297 813 313
782 280 798 296
812 287 828 303
800 274 816 290
826 283 842 299
812 263 828 279
828 264 844 280
814 249 830 265
843 260 859 276
824 238 840 254
855 252 871 268
837 230 853 246
850 265 866 281
839 247 855 263
863 259 879 275
846 239 862 255
862 267 878 283
849 257 865 273
874 262 890 278
863 249 879 265
850 279 866 295
834 263 850 279
837 287 853 303
820 269 836 285
825 296 841 312
807 274 823 290
810 303 826 319
800 288 816 304
797 309 813 325
786 293 802 309
773 339 789 355
759 319 775 335
758 348 774 364
739 331 755 347
758 358 774 374
742 343 758 359
798 320 814 336
784 308 800 324
812 318 828 334
797 300 813 316
826 310 842 326
812 298 828 314
835 301 851 317
819 289 835 305
850 294 866 310
833 279 849 295
865 284 881 300
849 274 865 290
791 335 807 351
773 317 789 333
774 370 790 386
758 352 774 368
786 360 802 376
774 345 790 361
800 358 816 374
783 343 799 359
824 325 840 341
810 311 826 327
837 321 853 337
825 301 841 317
852 309 868 325
838 298 854 314
865 303 881 319
850 288 866 304
877 296 893 312
863 275 879 291
893 287 909 303
874 270 890 286
900 283 916 299
884 268 900 284
914 273 930 289
900 260 916 276
930 265 946 281
916 246 932 262
945 272 961 288
928 256 944 272
955 263 971 279
939 247 955 263
957 280 973 296
939 264 955 280
972 275 988 291
957 261 973 277
972 290 988 306
955 274 971 290
980 281 996 297
968 267 984 283
970 309 986 325
952 293 968 309
979 297 995 313
962 281 978 297
999 303 1015 319
979 285 995 301
1006 299 1022 315
990 282 1006 298
973 315 989 331
958 304 974 320
987 331 1003 347
965 314 981 330
959 339 975 355
942 326 958 342
970 333 986 349
954 321 970 337
939 349 955 365
923 337 939 353
946 339 962 355
929 317 945 333
930 322 946 338
913 308 929 324
942 322 958 338
927 306 943 322
945 308 961 324
932 294 948 310
928 296 944 312
917 282 933 298
927 284 943 300
911 263 927 279
918 305 934 321
900 291 916 307
908 308 924 324
887 298 903 314
894 315 910 331
878 301 894 317
893 304 909 320
878 285 894 301
876 311 892 327
858 294 874 310
862 318 878 334
849 302 865 318
825 358 841 374
811 339 827 355
826 338 842 354
809 321 825 337
809 332 825 348
796 317 812 333
795 370 811 386
780 354 796 370
762 394 778 410
742 376 758 392
771 385 787 401
758 369 774 385
772 396 788 412
759 382 775 398
762 411 778 427
747 394 763 410
746 413 762 429
728 395 744 411
744 449 760 465
728 431 744 447
769 413 785 429
758 397 774 413
784 408 800 424
767 391 783 407
795 401 811 417
784 389 800 405
814 394 830 410
794 378 810 394
835 381 851 397
818 361 834 377
851 373 867 389
836 357 852 373
839 362 855 378
817 350 833 366
849 355 865 371
836 342 852 358
862 349 878 365
850 330 866 346
880 343 896 359
858 327 874 343
888 337 904 353
871 316 887 332
901 325 917 341
890 308 906 324
918 334 934 350
900 319 916 335
914 319 930 335
899 302 915 318
929 314 945 330
916 293 932 309
903 341 919 357
889 326 905 342
877 372 893 388
860 355 876 371
868 379 884 395
853 366 869 382
852 387 868 403
830 373 846 389
853 399 869 415
838 386 854 402
888 368 904 384
875 349 891 365
902 356 918 372
888 340 904 356
901 377 917 393
891 355 907 371
880 356 896 372
863 339 879 355
888 351 904 367
872 336 888 352
860 365 876 381
845 346 861 362
848 419 864 435
838 397 854 413
835 425 851 441
819 405 835 421
840 438 856 454
820 420 836 436
848 429 864 445
836 413 852 429
862 423 878 439
850 409 866 425
868 456 884 472
846 436 862 452
861 470 877 486
850 456 866 472
865 485 881 501
846 466 862 482
878 481 894 497
858 460 874 476
880 463 896 479
864 447 880 463
889 470 905 486
872 456 888 472
851 480 867 496
834 461 850 477
848 461 864 477
833 444 849 460
848 492 864 508
832 481 848 497
836 519 852 535
816 501 832 517
836 501 852 517
820 484 836 500
836 486 852 502
817 473 833 489
826 493 842 509
805 476 821 492
806 481 822 497
795 469 811 485
798 480 814 496
782 461 798 477
782 470 798 486
771 455 787 471
775 462 791 478
758 449 774 465
757 470 773 486
739 450 755 466
747 461 763 477
728 449 744 465
734 465 750 481
716 452 732 468
717 461 733 477
700 444 716 460
734 435 750 451
719 417 735 433
739 432 755 448
729 415 745 431
757 424 773 440
745 410 761 426
757 440 773 456
740 422 756 438
771 434 787 450
750 414 766 430
780 421 796 437
764 405 780 421
797 414 813 430
783 403 799 419
814 412 830 428
798 396 814 412
811 422 827 438
798 405 814 421
801 433 817 449
784 416 800 432
801 443 817 459
785 425 801 441
780 439 796 455
768 423 784 439
808 439 824 455
791 425 807 441
824 430 840 446
809 417 825 433
825 416 841 432
808 401 824 417
826 387 842 403
809 369 825 385
815 372 831 388
799 360 815 376
800 386 816 402
782 370 798 386
809 454 825 470
796 440 812 456
810 466 826 482
793 453 809 469
822 462 838 478
806 446 822 462
826 448 842 464
806 433 822 449
781 484 797 500
767 471 783 487
768 488 784 504
757 473 773 489
768 510 784 526
754 489 770 505
756 518 772 534
741 499 757 515
754 498 770 514
738 483 754 499
761 482 777 498
740 469 756 485
748 494 764 510
728 473 744 489
744 509 760 525
725 489 741 505
729 498 745 514
715 485 731 501
717 509 733 525
704 493 720 509
706 503 722 519
688 486 704 502
706 480 722 496
688 462 704 478
693 491 709 507
678 474 694 490
690 507 706 523
678 491 694 507
714 473 730 489
703 456 719 472
733 487 749 503
716 469 732 485
741 478 757 494
725 464 741 480
741 526 757 542
724 505 740 521
744 534 760 550
728 522 744 538
752 532 768 548
738 510 754 526
769 519 785 535
755 504 771 520
784 503 800 519
766 483 782 499
794 494 810 510
782 475 798 491
791 507 807 523
781 493 797 509
809 497 825 513
795 484 811 500
798 524 814 540
777 510 793 526
810 518 826 534
797 498 813 514
827 506 843 522
806 492 822 508
826 523 842 539
806 508 822 524
808 528 824 544
793 514 809 530
799 539 815 555
781 523 797 539
808 576 824 592
792 557 808 573
736 578 752 594
752 576 768 592
737 563 753 579
768 566 784 582
748 550 764 566
661 569 677 585
917 364 933 380
903 353 919 369
914 347 930 363
901 331 917 347
932 374 948 390
914 356 930 372
940 366 956 382
924 348 940 364
957 370 973 386
937 354 953 370
947 376 963 392
930 359 946 375
928 390 944 406
912 374 928 390
930 403 946 419
917 388 933 404
915 412 931 428
900 396 916 412
906 416 922 432
890 405 906 421
905 404 921 420
886 388 902 404
894 407 910 423
877 394 893 410
889 398 905 414
874 379 890 395
875 416 891 432
858 398 874 414
878 432 894 448
861 417 877 433
895 429 911 445
874 414 890 430
904 432 920 448
889 415 905 431
890 439 906 455
873 425 889 441
685 582 701 598
672 565 688 581
697 572 713 588
684 559 700 575
716 563 732 579
696 548 712 564
722 559 738 575
708 544 724 560
727 573 743 589
707 559 723 575
739 567 755 583
723 552 739 568
751 560 767 576
735 548 751 564
777 534 793 550
765 518 781 534
782 514 798 530
765 499 781 515
766 556 782 572
749 539 765 555
783 546 799 562
764 530 780 546
782 559 798 575
769 543 785 559
794 552 810 568
774 535 790 551
810 543 826 559
792 532 808 548
825 539 841 555
811 520 827 536
780 571 796 587
764 561 780 577
794 567 810 583
775 548 791 564
809 563 825 579
787 546 803 562
821 551 837 567
805 535 821 551
768 574 784 590
765 580 781 596
747 564 763 580
705 559 721 575
686 546 702 562
703 546 719 562
686 529 702 545
701 531 717 547
685 511 701 527
705 518 721 534
688 497 704 513
690 520 706 536
675 508 691 524
691 532 707 548
674 521 690 537
692 549 708 565
676 538 692 554
682 567 698 583
670 548 686 564
716 533 732 549
697 523 713 539
726 546 742 562
708 534 724 550
738 557 754 573
723 542 739 558
714 551 730 567
702 536 718 552
675 579 691 595
662 561 678 577
678 560 694 576
657 547 673 563
674 545 690 561
657 534 673 550
672 532 688 548
660 510 676 526
674 512 690 528
660 500 676 516
676 497 692 513
662 483 678 499
669 485 685 501
650 470 666 486
667 501 683 517
651 489 667 505
651 495 667 511
635 481 651 497
638 490 654 506
621 473 637 489
625 497 641 513
605 480 621 496
614 503 630 519
596 489 612 505
611 491 627 507
592 469 608 485
599 481 615 497
587 465 603 481
588 490 604 506
567 475 583 491
624 526 640 542
608 509 624 525
636 520 652 536
617 501 633 517
648 514 664 530
636 496 652 512
623 540 639 556
610 528 626 544
