116 132 703 719
826 842 321 337
547 563 828 844
475 491 75 91
352 368 282 298
630 646 795 811
379 395 404 420
207 223 688 704
189 205 303 319
337 353 360 376
904 920 610 626
912 928 440 456
243 259 342 358
898 914 434 450
128 144 821 837
79 95 599 615
601 617 249 265
84 100 68 84
465 481 952 968
114 130 497 513
73 89 792 808
894 910 491 507
639 655 607 623
265 281 740 756
107 123 464 480
513 529 283 299
243 259 882 898
968 984 749 765
247 263 633 649
909 925 770 786
857 873 36 52
389 405 123 139
67 83 134 150
307 323 31 47
782 798 519 535
88 104 659 675
776 792 176 192
414 430 953 969
690 706 802 818
576 592 364 380
163 179 691 707
400 416 512 528
525 541 473 489
913 929 569 585
406 422 167 183
280 296 941 957
34 50 654 670
197 213 99 115
649 665 210 226
953 969 145 161
422 438 712 728
853 869 760 776
294 310 695 711
129 145 219 235
116 132 828 844
180 196 567 583
16 32 743 759
818 834 918 934
675 691 73 89
938 954 436 452
459 475 188 204
222 238 70 86
241 257 517 533
848 864 324 340
945 961 729 745
222 238 410 426
783 799 882 898
175 191 193 209
605 621 90 106
331 347 321 337
455 471 344 360
394 410 137 153
197 213 611 627
503 519 628 644
445 461 807 823
769 785 475 491
451 467 705 721
485 501 542 558
589 605 907 923
104 120 518 534
827 843 266 282
218 234 874 890
15 31 269 285
746 762 706 722
633 649 774 790
278 294 183 199
391 407 219 235
913 929 971 987
644 660 809 825
182 198 725 741
938 954 802 818
135 151 145 161
494 510 945 961
507 523 913 929
739 755 155 171
50 66 125 141
411 427 378 394
198 214 677 693
386 402 713 729
223 239 426 442
795 811 236 252
61 77 195 211
160 176 942 958
149 165 105 121
640 656 720 736
418 434 437 453
605 621 772 788
556 572 495 511
679 695 716 732
443 459 837 853
786 802 46 62
269 285 747 763
955 971 694 710
414 430 229 245
564 580 103 119
951 967 741 757
22 38 850 866
371 387 897 913
793 809 725 741
705 721 921 937
239 255 952 968
210 226 954 970
616 632 462 478
860 876 435 451
485 501 673 689
563 579 771 787
500 516 365 381
961 977 757 773
553 569 757 773
651 667 425 441
799 815 283 299
551 567 290 306
918 934 479 495
632 648 485 501
834 850 320 336
201 217 884 900
531 547 96 112
140 156 685 701
884 900 93 109
515 531 597 613
770 786 952 968
115 131 161 177
943 959 578 594
213 229 649 665
240 256 503 519
838 854 713 729
736 752 705 721
669 685 459 475
540 556 922 938
510 526 181 197
758 774 497 513
152 168 277 293
109 125 842 858
764 780 874 890
779 795 728 744
716 732 850 866
313 329 701 717
688 704 277 293
333 349 758 774
860 876 525 541
656 672 283 299
953 969 469 485
631 647 220 236
97 113 532 548
231 247 190 206
888 904 127 143
801 817 158 174
280 296 298 314
708 724 150 166
593 609 424 440
233 249 251 267
88 104 790 806
79 95 754 770
117 133 124 140
197 213 395 411
769 785 910 926
38 54 186 202
129 145 479 495
234 250 241 257
678 694 858 874
268 284 566 582
735 751 495 511
586 602 897 913
747 763 495 511
154 170 781 797
168 184 483 499
331 347 903 919
500 516 536 552
261 277 198 214
820 836 667 683
281 297 46 62
27 43 723 739
334 350 462 478
389 405 874 890
970 986 278 294
661 677 200 216
275 291 251 267
379 395 110 126
356 372 461 477
749 765 401 417
66 82 430 446
877 893 165 181
464 480 440 456
71 87 532 548
888 904 945 961
215 231 80 96
329 345 277 293
459 475 103 119
263 279 688 704
779 795 470 486
397 413 161 177
201 217 354 370
596 612 515 531
254 270 656 672
159 175 761 777
655 671 748 764
626 642 85 101
680 696 651 667
608 624 68 84
138 154 304 320
338 354 273 289
226 242 642 658
485 501 671 687
516 532 780 796
552 568 361 377
826 842 831 847
17 33 526 542
802 818 881 897
759 775 320 336
86 102 351 367
384 400 376 392
714 730 482 498
549 565 784 800
932 948 744 760
161 177 679 695
292 308 581 597
420 436 195 211
309 325 336 352
387 403 651 667
350 366 731 747
973 989 650 666
467 483 611 627
799 815 927 943
866 882 220 236
894 910 222 238
768 784 842 858
852 868 251 267
232 248 833 849
890 906 654 670
258 274 211 227
47 63 776 792
640 656 354 370
124 140 640 656
271 287 153 169
658 674 61 77
467 483 833 849
788 804 779 795
695 711 522 538
966 982 853 869
729 745 712 728
736 752 620 636
372 388 368 384
46 62 780 796
715 731 934 950
847 863 259 275
328 344 226 242
826 842 896 912
401 417 496 512
335 351 578 594
490 506 741 757
430 446 451 467
66 82 15 31
960 976 931 947
380 396 759 775
49 65 174 190
667 683 765 781
813 829 744 760
48 64 595 611
559 575 26 42
213 229 884 900
306 322 111 127
951 967 904 920
230 246 829 845
621 637 216 232
453 469 48 64
739 755 34 50
458 474 400 416
101 117 677 693
401 417 219 235
556 572 185 201
164 180 48 64
204 220 179 195
175 191 452 468
293 309 433 449
196 212 509 525
519 535 398 414
931 947 33 49
865 881 166 182
664 680 94 110
447 463 660 676
21 37 341 357
410 426 801 817
265 281 118 134
618 634 679 695
213 229 120 136
372 388 210 226
957 973 232 248
410 426 239 255
601 617 510 526
134 150 914 930
217 233 157 173
82 98 779 795
931 947 230 246
456 472 418 434
628 644 669 685
355 371 605 621
184 200 476 492
367 383 337 353
271 287 576 592
645 661 816 832
32 48 912 928
25 41 102 118
36 52 854 870
71 87 742 758
775 791 729 745
778 794 799 815
487 503 904 920
253 269 628 644
471 487 213 229
503 519 137 153
477 493 51 67
156 172 364 380
306 322 473 489
47 63 157 173
396 412 579 595
399 415 852 868
966 982 276 292
196 212 394 410
654 670 476 492
919 935 625 641
802 818 575 591
73 89 275 291
581 597 612 628
74 90 38 54
100 116 591 607
790 806 324 340
205 221 725 741
402 418 725 741
954 970 465 481
38 54 650 666
608 624 910 926
933 949 302 318
966 982 479 495
222 238 51 67
529 545 84 100
473 489 850 866
941 957 786 802
741 757 549 565
928 944 51 67
257 273 31 47
355 371 200 216
156 172 309 325
398 414 175 191
300 316 391 407
519 535 433 449
739 755 14 30
370 386 270 286
819 835 522 538
812 828 717 733
456 472 737 753
180 196 786 802
395 411 271 287
907 923 545 561
818 834 968 984
799 815 249 265
836 852 187 203
310 326 772 788
522 538 482 498
261 277 644 660
347 363 150 166
229 245 926 942
870 886 637 653
285 301 500 516
885 901 459 475
871 887 486 502
707 723 104 120
26 42 47 63
28 44 332 348
104 120 440 456
11 27 225 241
429 445 134 150
726 742 426 442
291 307 35 51
709 725 518 534
238 254 708 724
635 651 116 132
644 660 276 292
437 453 155 171
722 738 899 915
873 889 775 791
711 727 324 340
707 723 742 758
179 195 652 668
387 403 231 247
927 943 603 619
737 753 433 449
337 353 97 113
61 77 516 532
402 418 344 360
567 583 338 354
436 452 559 575
303 319 155 171
654 670 344 360
676 692 654 670
958 974 199 215
734 750 729 745
448 464 460 476
357 373 938 954
252 268 746 762
420 436 78 94
314 330 531 547
681 697 901 917
358 374 287 303
579 595 901 917
116 132 236 252
172 188 784 800
391 407 713 729
38 54 417 433
842 858 88 104
38 54 354 370
251 267 16 32
382 398 449 465
494 510 700 716
584 600 83 99
600 616 133 149
341 357 64 80
250 266 436 452
538 554 551 567
191 207 125 141
375 391 163 179
923 939 59 75
328 344 114 130
316 332 246 262
828 844 139 155
836 852 463 479
767 783 684 700
704 720 211 227
928 944 879 895
918 934 168 184
747 763 381 397
734 750 956 972
556 572 621 637
972 988 567 583
277 293 968 984
972 988 124 140
28 44 787 803
23 39 214 230
298 314 311 327
545 561 38 54
628 644 284 300
541 557 96 112
886 902 975 991
655 671 400 416
926 942 365 381
824 840 437 453
212 228 128 144
565 581 387 403
449 465 412 428
466 482 112 128
536 552 913 929
274 290 813 829
912 928 236 252
974 990 209 225
203 219 449 465
263 279 767 783
522 538 641 657
218 234 570 586
610 626 950 966
171 187 562 578
439 455 676 692
949 965 48 64
366 382 587 603
296 312 82 98
553 569 193 209
955 971 378 394
802 818 33 49
573 589 310 326
136 152 321 337
362 378 908 924
775 791 289 305
15 31 368 384
970 986 530 546
969 985 287 303
369 385 910 926
703 719 903 919
770 786 513 529
830 846 323 339
690 706 196 212
770 786 183 199
644 660 922 938
279 295 151 167
629 645 18 34
74 90 220 236
435 451 784 800
36 52 293 309
498 514 658 674
178 194 31 47
58 74 827 843
310 326 110 126
426 442 341 357
170 186 955 971
194 210 233 249
341 357 740 756
365 381 35 51
164 180 669 685
372 388 28 44
224 240 480 496
857 873 198 214
424 440 223 239
209 225 815 831
93 109 322 338
823 839 19 35
601 617 621 637
146 162 780 796
743 759 813 829
199 215 938 954
291 307 397 413
861 877 481 497
488 504 302 318
574 590 214 230
121 137 716 732
818 834 758 774
16 32 435 451
594 610 630 646
729 745 634 650
481 497 940 956
337 353 193 209
686 702 586 602
864 880 794 810
243 259 731 747
484 500 695 711
261 277 229 245
114 130 745 761
179 195 47 63
625 641 752 768
565 581 737 753
842 858 601 617
858 874 470 486
131 147 297 313
969 985 588 604
260 276 653 669
602 618 462 478
477 493 338 354
676 692 507 523
172 188 560 576
194 210 342 358
272 288 868 884
495 511 544 560
65 81 454 470
488 504 801 817
258 274 280 296
588 604 431 447
777 793 547 563
964 980 77 93
705 721 894 910
857 873 575 591
538 554 319 335
510 526 574 590
138 154 716 732
856 872 40 56
647 663 51 67
27 43 543 559
603 619 914 930
485 501 442 458
196 212 247 263
229 245 18 34
104 120 909 925
796 812 753 769
583 599 770 786
379 395 213 229
929 945 34 50
764 780 172 188
831 847 328 344
427 443 282 298
276 292 653 669
104 120 219 235
174 190 567 583
865 881 546 562
191 207 782 798
336 352 95 111
60 76 787 803
600 616 938 954
399 415 563 579
636 652 462 478
581 597 596 612
206 222 754 770
913 929 604 620
269 285 149 165
938 954 34 50
13 29 606 622
823 839 713 729
803 819 546 562
270 286 949 965
16 32 182 198
78 94 858 874
628 644 72 88
197 213 298 314
551 567 140 156
407 423 784 800
881 897 860 876
477 493 389 405
645 661 446 462
957 973 512 528
148 164 276 292
180 196 684 700
203 219 38 54
311 327 297 313
783 799 555 571
620 636 144 160
968 984 211 227
199 215 825 841
307 323 57 73
95 111 723 739
168 184 67 83
527 543 556 572
593 609 489 505
961 977 695 711
540 556 219 235
611 627 883 899
685 701 204 220
38 54 516 532
744 760 252 268
731 747 658 674
322 338 533 549
637 653 613 629
331 347 774 790
761 777 51 67
217 233 743 759
753 769 974 990
468 484 180 196
373 389 492 508
16 32 202 218
170 186 54 70
144 160 280 296
788 804 308 324
247 263 201 217
557 573 831 847
959 975 339 355
215 231 141 157
945 961 881 897
697 713 223 239
214 230 606 622
97 113 551 567
263 279 600 616
515 531 579 595
617 633 115 131
62 78 933 949
34 50 581 597
425 441 298 314
445 461 758 774
499 515 409 425
956 972 167 183
87 103 324 340
323 339 35 51
742 758 831 847
920 936 769 785
675 691 267 283
752 768 949 965
785 801 379 395
675 691 448 464
493 509 351 367
705 721 958 974
183 199 120 136
586 602 207 223
163 179 811 827
944 960 968 984
493 509 706 722
593 609 583 599
83 99 873 889
56 72 138 154
653 669 597 613
633 649 653 669
271 287 376 392
173 189 765 781
630 646 253 269
178 194 815 831
430 446 379 395
109 125 521 537
330 346 374 390
251 267 388 404
521 537 122 138
347 363 919 935
963 979 628 644
960 976 292 308
367 383 576 592
904 920 538 554
620 636 26 42
700 716 350 366
317 333 622 638
390 406 456 472
552 568 460 476
941 957 228 244
109 125 344 360
20 36 465 481
193 209 376 392
551 567 790 806
491 507 98 114
900 916 619 635
598 614 302 318
344 360 859 875
928 944 241 257
514 530 420 436
327 343 40 56
751 767 653 669
694 710 584 600
602 618 729 745
926 942 951 967
494 510 868 884
408 424 913 929
114 130 384 400
321 337 114 130
354 370 112 128
956 972 258 274
57 73 166 182
473 489 31 47
385 401 725 741
473 489 105 121
144 160 742 758
523 539 109 125
137 153 102 118
573 589 175 191
370 386 488 504
550 566 528 544
846 862 21 37
204 220 799 815
590 606 811 827
41 57 856 872
364 380 719 735
822 838 287 303
249 265 943 959
586 602 940 956
202 218 527 543
28 44 311 327
522 538 386 402
320 336 765 781
819 835 514 530
662 678 482 498
421 437 763 779
213 229 449 465
627 643 229 245
527 543 130 146
83 99 424 440
353 369 19 35
445 461 832 848
868 884 618 634
391 407 872 888
91 107 595 611
482 498 100 116
67 83 208 224
221 237 293 309
117 133 569 585
947 963 324 340
583 599 638 654
469 485 968 984
66 82 541 557
645 661 441 457
31 47 594 610
714 730 499 515
799 815 954 970
130 146 459 475
357 373 563 579
15 31 160 176
145 161 791 807
554 570 682 698
955 971 541 557
87 103 126 142
621 637 424 440
899 915 680 696
418 434 792 808
183 199 328 344
343 359 217 233
122 138 924 940
505 521 254 270
301 317 761 777
589 605 79 95
952 968 576 592
206 222 773 789
574 590 641 657
764 780 648 664
679 695 492 508
584 600 252 268
206 222 456 472
889 905 363 379
768 784 550 566
962 978 585 601
828 844 377 393
125 141 849 865
469 485 251 267
838 854 408 424
427 443 45 61
697 713 953 969
865 881 71 87
791 807 588 604
951 967 108 124
901 917 288 304
269 285 131 147
518 534 847 863
956 972 239 255
662 678 822 838
208 224 402 418
625 641 169 185
210 226 881 897
633 649 629 645
109 125 511 527
292 308 42 58
514 530 728 744
928 944 409 425
55 71 228 244
182 198 299 315
949 965 954 970
34 50 453 469
667 683 445 461
644 660 542 558
935 951 201 217
781 797 529 545
401 417 675 691
900 916 881 897
739 755 354 370
524 540 592 608
773 789 601 617
13 29 341 357
822 838 688 704
602 618 239 255
585 601 186 202
249 265 608 624
533 549 210 226
455 471 866 882
839 855 462 478
867 883 268 284
893 909 634 650
315 331 90 106
917 933 874 890
552 568 411 427
783 799 784 800
676 692 670 686
861 877 300 316
508 524 538 554
232 248 692 708
487 503 787 803
277 293 834 850
204 220 248 264
177 193 471 487
652 668 248 264
709 725 747 763
511 527 208 224
240 256 651 667
159 175 715 731
576 592 168 184
905 921 442 458
239 255 106 122
930 946 793 809
725 741 879 895
321 337 398 414
812 828 608 624
812 828 119 135
260 276 881 897
614 630 225 241
410 426 888 904
731 747 279 295
156 172 827 843
659 675 40 56
144 160 337 353
544 560 131 147
435 451 24 40
463 479 767 783
157 173 701 717
578 594 562 578
73 89 676 692
663 679 581 597
437 453 683 699
539 555 739 755
613 629 721 737
973 989 743 759
801 817 946 962
686 702 120 136
552 568 27 43
527 543 37 53
613 629 787 803
186 202 622 638
343 359 55 71
63 79 47 63
372 388 459 475
371 387 781 797
110 126 405 421
848 864 932 948
478 494 165 181
269 285 412 428
520 536 528 544
78 94 319 335
171 187 764 780
609 625 325 341
214 230 184 200
666 682 450 466
939 955 226 242
370 386 674 690
916 932 206 222
49 65 674 690
86 102 132 148
421 437 377 393
101 117 918 934
473 489 359 375
777 793 19 35
629 645 519 535
501 517 12 28
343 359 107 123
148 164 321 337
937 953 341 357
933 949 868 884
550 566 741 757
838 854 304 320
451 467 685 701
192 208 650 666
139 155 615 631
483 499 160 176
926 942 352 368
463 479 869 885
530 546 179 195
975 991 97 113
925 941 308 324
227 243 679 695
812 828 56 72
876 892 728 744
160 176 105 121
654 670 945 961
82 98 844 860
111 127 959 975
50 66 918 934
502 518 614 630
732 748 69 85
517 533 127 143
537 553 386 402
148 164 640 656
256 272 547 563
141 157 58 74
748 764 577 593
187 203 795 811
456 472 826 842
759 775 301 317
622 638 834 850
430 446 950 966
236 252 655 671
807 823 412 428
156 172 943 959
74 90 223 239
592 608 837 853
721 737 85 101
715 731 925 941
439 455 620 636
498 514 604 620
612 628 63 79
868 884 859 875
660 676 120 136
10 26 710 726
325 341 428 444
373 389 536 552
562 578 742 758
532 548 800 816
679 695 735 751
795 811 923 939
535 551 928 944
321 337 131 147
169 185 716 732
534 550 243 259
392 408 447 463
472 488 751 767
423 439 95 111
606 622 657 673
21 37 841 857
91 107 720 736
35 51 870 886
418 434 912 928
643 659 184 200
157 173 74 90
623 639 548 564
507 523 879 895
362 378 458 474
84 100 753 769
666 682 151 167
422 438 758 774
440 456 601 617
515 531 900 916
62 78 92 108
587 603 119 135
867 883 278 294
700 716 192 208
513 529 71 87
365 381 754 770
782 798 568 584
55 71 117 133
481 497 259 275
778 794 934 950
810 826 957 973
574 590 312 328
204 220 891 907
576 592 727 743
229 245 303 319
462 478 249 265
437 453 939 955
395 411 152 168
519 535 56 72
128 144 433 449
191 207 749 765
249 265 830 846
957 973 145 161
554 570 587 603
249 265 372 388
776 792 132 148
712 728 468 484
691 707 689 705
345 361 238 254
729 745 30 46
619 635 516 532
472 488 911 927
882 898 228 244
313 329 147 163
621 637 269 285
923 939 635 651
731 747 511 527
973 989 45 61
862 878 322 338
313 329 411 427
159 175 833 849
45 61 121 137
521 537 663 679
414 430 275 291
14 30 423 439
698 714 789 805
87 103 283 299
231 247 67 83
877 893 378 394
80 96 493 509
453 469 588 604
482 498 721 737
747 763 936 952
380 396 799 815
439 455 272 288
653 669 528 544
757 773 513 529
661 677 144 160
88 104 324 340
855 871 521 537
258 274 628 644
294 310 19 35
96 112 377 393
343 359 268 284
746 762 508 524
955 971 499 515
770 786 917 933
879 895 41 57
427 443 284 300
164 180 643 659
331 347 21 37
581 597 278 294
191 207 392 408
708 724 629 645
893 909 394 410
375 391 445 461
83 99 157 173
123 139 951 967
258 274 571 587
338 354 218 234
686 702 448 464
278 294 110 126
753 769 289 305
151 167 405 421
837 853 868 884
295 311 901 917
527 543 595 611
263 279 110 126
422 438 400 416
229 245 666 682
749 765 838 854
831 847 381 397
574 590 182 198
885 901 93 109
569 585 112 128
46 62 507 523
969 985 869 885
230 246 312 328
439 455 943 959
901 917 758 774
792 808 802 818
712 728 717 733
308 324 965 981
631 647 903 919
149 165 807 823
616 632 466 482
57 73 617 633
122 138 700 716
171 187 863 879
177 193 401 417
868 884 186 202
618 634 975 991
960 976 434 450
893 909 186 202
222 238 960 976
194 210 818 834
803 819 157 173
678 694 573 589
578 594 188 204
427 443 417 433
841 857 45 61
963 979 173 189
927 943 127 143
640 656 258 274
456 472 72 88
964 980 244 260
354 370 899 915
590 606 859 875
866 882 632 648
431 447 957 973
466 482 726 742
141 157 678 694
931 947 353 369
569 585 932 948
62 78 84 100
379 395 793 809
544 560 379 395
138 154 595 611
501 517 316 332
400 416 898 914
164 180 951 967
292 308 935 951
587 603 604 620
769 785 541 557
103 119 299 315
639 655 824 840
239 255 19 35
881 897 203 219
937 953 682 698
578 594 167 183
217 233 391 407
872 888 478 494
469 485 478 494
897 913 525 541
39 55 102 118
65 81 173 189
814 830 275 291
540 556 918 934
736 752 42 58
613 629 928 944
780 796 511 527
283 299 356 372
325 341 747 763
128 144 718 734
733 749 159 175
892 908 746 762
972 988 737 753
465 481 503 519
938 954 624 640
841 857 711 727
858 874 657 673
218 234 799 815
589 605 443 459
172 188 288 304
200 216 642 658
485 501 88 104
169 185 228 244
132 148 436 452
295 311 285 301
44 60 736 752
668 684 267 283
894 910 374 390
421 437 862 878
758 774 480 496
102 118 731 747
635 651 97 113
428 444 673 689
217 233 201 217
290 306 18 34
117 133 384 400
574 590 273 289
603 619 84 100
70 86 455 471
436 452 115 131
16 32 661 677
973 989 294 310
433 449 505 521
240 256 16 32
891 907 375 391
808 824 77 93
323 339 739 755
705 721 100 116
152 168 969 985
100 116 229 245
299 315 962 978
80 96 301 317
207 223 521 537
21 37 410 426
322 338 572 588
571 587 293 309
139 155 918 934
21 37 751 767
786 802 405 421
46 62 112 128
724 740 499 515
113 129 828 844
605 621 396 412
518 534 720 736
885 901 171 187
339 355 374 390
497 513 543 559
482 498 700 716
814 830 288 304
832 848 868 884
439 455 422 438
556 572 562 578
694 710 199 215
211 227 886 902
766 782 212 228
127 143 197 213
549 565 472 488
121 137 369 385
348 364 897 913
290 306 710 726
144 160 783 799
252 268 58 74
632 648 547 563
329 345 512 528
750 766 715 731
867 883 183 199
312 328 488 504
437 453 358 374
455 471 446 462
627 643 45 61
973 989 738 754
33 49 424 440
959 975 663 679
636 652 907 923
145 161 677 693
706 722 535 551
332 348 446 462
421 437 440 456
918 934 846 862
429 445 65 81
250 266 468 484
344 360 313 329
913 929 290 306
188 204 671 687
101 117 429 445
168 184 428 444
699 715 779 795
158 174 19 35
952 968 171 187
30 46 162 178
726 742 17 33
874 890 193 209
641 657 84 100
847 863 747 763
133 149 585 601
404 420 544 560
607 623 601 617
234 250 213 229
37 53 591 607
139 155 183 199
124 140 415 431
445 461 127 143
816 832 574 590
192 208 53 69
118 134 778 794
150 166 100 116
522 538 893 909
625 641 115 131
677 693 371 387
213 229 596 612
959 975 468 484
834 850 57 73
115 131 878 894
93 109 489 505
592 608 428 444
464 480 363 379
834 850 147 163
243 259 597 613
222 238 722 738
297 313 445 461
485 501 729 745
943 959 667 683
965 981 387 403
114 130 756 772
17 33 106 122
810 826 951 967
437 453 295 311
562 578 82 98
637 653 342 358
198 214 905 921
209 225 407 423
246 262 555 571
344 360 574 590
697 713 372 388
145 161 907 923
526 542 910 926
274 290 597 613
730 746 299 315
172 188 394 410
32 48 141 157
605 621 284 300
819 835 968 984
459 475 648 664
565 581 556 572
820 836 512 528
855 871 226 242
34 50 725 741
938 954 166 182
72 88 361 377
709 725 640 656
336 352 427 443
551 567 613 629
203 219 959 975
608 624 384 400
492 508 662 678
452 468 519 535
446 462 18 34
422 438 434 450
464 480 162 178
165 181 410 426
428 444 640 656
145 161 167 183
451 467 104 120
475 491 266 282
796 812 413 429
479 495 104 120
657 673 937 953
440 456 687 703
533 549 231 247
568 584 21 37
469 485 932 948
459 475 789 805
413 429 779 795
942 958 532 548
497 513 345 361
947 963 699 715
457 473 789 805
871 887 973 989
779 795 962 978
745 761 26 42
78 94 582 598
559 575 473 489
811 827 795 811
18 34 671 687
256 272 111 127
74 90 454 470
211 227 218 234
932 948 220 236
187 203 126 142
780 796 590 606
18 34 213 229
540 556 858 874
33 49 350 366
194 210 724 740
477 493 431 447
63 79 365 381
478 494 391 407
115 131 321 337
586 602 222 238
472 488 539 555
460 476 961 977
801 817 68 84
199 215 430 446
19 35 200 216
838 854 529 545
610 626 44 60
512 528 816 832
674 690 274 290
445 461 729 745
579 595 26 42
290 306 528 544
905 921 715 731
467 483 790 806
337 353 24 40
140 156 118 134
966 982 962 978
300 316 489 505
937 953 706 722
476 492 536 552
515 531 471 487
851 867 116 132
361 377 553 569
809 825 635 651
186 202 491 507
159 175 227 243
492 508 850 866
82 98 203 219
299 315 881 897
218 234 536 552
394 410 388 404
792 808 882 898
169 185 580 596
663 679 850 866
156 172 828 844
346 362 89 105
513 529 753 769
355 371 66 82
