331 347 141 157
389 405 407 423
76 92 129 145
372 388 336 352
340 356 386 402
217 233 122 138
11 27 16 32
88 104 128 144
76 92 267 283
312 328 95 111
250 266 273 289
184 200 290 306
159 175 102 118
38 54 360 376
59 75 341 357
260 276 105 121
211 227 69 85
56 72 156 172
145 161 454 470
25 41 50 66
171 187 329 345
80 96 353 369
473 489 447 463
164 180 101 117
409 425 31 47
165 181 312 328
35 51 439 455
41 57 166 182
403 419 384 400
449 465 39 55
82 98 467 483
206 222 282 298
472 488 336 352
266 282 30 46
284 300 432 448
329 345 38 54
368 384 460 476
304 320 173 189
404 420 157 173
265 281 260 276
99 115 149 165
215 231 369 385
158 174 450 466
37 53 127 143
119 135 274 290
334 350 115 131
154 170 50 66
74 90 46 62
159 175 101 117
243 259 262 278
199 215 189 205
30 46 144 160
293 309 428 444
74 90 63 79
428 444 328 344
336 352 465 481
350 366 31 47
399 415 167 183
454 470 117 133
157 173 218 234
243 259 87 103
79 95 395 411
340 356 323 339
57 73 305 321
75 91 147 163
436 452 62 78
205 221 192 208
276 292 308 324
181 197 301 317
90 106 173 189
237 253 303 319
255 271 310 326
112 128 358 374
307 323 31 47
437 453 458 474
142 158 295 311
448 464 471 487
32 48 458 474
172 188 367 383
60 76 259 275
230 246 436 452
190 206 41 57
59 75 417 433
160 176 327 343
412 428 458 474
118 134 202 218
155 171 266 282
252 268 77 93
378 394 193 209
202 218 98 114
467 483 399 415
187 203 159 175
443 459 233 249
216 232 448 464
284 300 415 431
106 122 111 127
404 420 365 381
436 452 306 322
282 298 435 451
145 161 288 304
285 301 129 145
138 154 326 342
262 278 453 469
475 491 134 150
438 454 388 404
72 88 223 239
365 381 163 179
418 434 52 68
56 72 217 233
37 53 116 132
335 351 70 86
55 71 437 453
448 464 282 298
439 455 474 490
140 156 363 379
375 391 109 125
332 348 376 392
380 396 212 228
209 225 328 344
15 31 66 82
385 401 346 362
253 269 187 203
410 426 50 66
347 363 84 100
239 255 228 244
281 297 156 172
156 172 150 166
163 179 64 80
76 92 334 350
62 78 89 105
358 374 352 368
327 343 186 202
34 50 117 133
111 127 251 267
59 75 35 51
275 291 172 188
407 423 302 318
202 218 21 37
237 253 346 362
53 69 363 379
326 342 363 379
408 424 69 85
431 447 313 329
470 486 279 295
391 407 174 190
361 377 382 398
85 101 68 84
286 302 255 271
16 32 243 259
288 304 440 456
222 238 25 41
149 165 252 268
249 265 314 330
184 200 423 439
365 381 18 34
278 294 20 36
350 366 278 294
101 117 287 303
205 221 109 125
9 25 463 479
85 101 65 81
203 219 406 422
469 485 190 206
330 346 334 350
104 120 186 202
54 70 313 329
105 121 355 371
297 313 422 438
199 215 304 320
462 478 376 392
306 322 419 435
466 482 19 35
276 292 383 399
55 71 249 265
227 243 263 279
260 276 45 61
223 239 200 216
41 57 51 67
333 349 301 317
186 202 181 197
413 429 265 281
244 260 158 174
397 413 48 64
368 384 199 215
94 110 330 346
211 227 132 148
302 318 414 430
335 351 247 263
252 268 327 343
472 488 138 154
448 464 83 99
319 335 54 70
447 463 301 317
319 335 273 289
145 161 197 213
47 63 351 367
398 414 328 344
384 400 141 157
286 302 318 334
31 47 147 163
151 167 422 438
320 336 383 399
134 150 472 488
367 383 313 329
174 190 133 149
247 263 77 93
249 265 44 60
110 126 27 43
448 464 74 90
62 78 242 258
137 153 413 429
31 47 225 241
284 300 297 313
416 432 137 153
139 155 161 177
406 422 196 212
208 224 345 361
290 306 316 332
128 144 400 416
177 193 376 392
340 356 311 327
213 229 220 236
250 266 322 338
435 451 89 105
42 58 164 180
276 292 418 434
131 147 63 79
188 204 231 247
204 220 201 217
163 179 10 26
104 120 102 118
403 419 215 231
232 248 11 27
304 320 268 284
354 370 262 278
347 363 285 301
76 92 394 410
460 476 246 262
201 217 205 221
450 466 77 93
372 388 235 251
180 196 267 283
363 379 293 309
29 45 334 350
232 248 434 450
316 332 446 462
305 321 411 427
20 36 165 181
418 434 304 320
224 240 180 196
402 418 246 262
32 48 412 428
297 313 13 29
384 400 122 138
282 298 125 141
54 70 110 126
185 201 402 418
79 95 69 85
260 276 259 275
180 196 330 346
159 175 434 450
203 219 227 243
82 98 349 365
216 232 180 196
251 267 23 39
368 384 210 226
239 255 83 99
275 291 264 280
110 126 89 105
374 390 74 90
266 282 31 47
98 114 56 72
135 151 222 238
423 439 396 412
454 470 126 142
209 225 385 401
33 49 342 358
78 94 158 174
191 207 35 51
58 74 125 141
331 347 101 117
85 101 252 268
89 105 361 377
334 350 445 461
462 478 405 421
255 271 350 366
60 76 305 321
61 77 108 124
29 45 93 109
443 459 445 461
139 155 251 267
378 394 360 376
342 358 294 310
40 56 187 203
458 474 308 324
248 264 299 315
69 85 417 433
203 219 362 378
377 393 254 270
407 423 252 268
266 282 202 218
217 233 361 377
298 314 329 345
23 39 466 482
78 94 253 269
68 84 398 414
457 473 408 424
256 272 101 117
394 410 290 306
447 463 451 467
54 70 176 192
437 453 436 452
76 92 335 351
368 384 71 87
142 158 301 317
366 382 398 414
321 337 31 47
333 349 328 344
21 37 357 373
278 294 439 455
259 275 109 125
267 283 261 277
31 47 146 162
353 369 321 337
410 426 440 456
373 389 134 150
100 116 53 69
137 153 468 484
421 437 163 179
67 83 103 119
382 398 54 70
35 51 179 195
450 466 76 92
420 436 439 455
110 126 97 113
189 205 324 340
453 469 347 363
88 104 306 322
388 404 132 148
87 103 124 140
30 46 308 324
40 56 150 166
149 165 24 40
69 85 467 483
396 412 208 224
63 79 363 379
88 104 470 486
56 72 140 156
401 417 438 454
299 315 367 383
348 364 23 39
373 389 105 121
156 172 198 214
44 60 429 445
33 49 160 176
176 192 30 46
174 190 162 178
294 310 416 432
456 472 36 52
224 240 303 319
63 79 440 456
309 325 84 100
300 316 368 384
125 141 71 87
223 239 106 122
225 241 271 287
280 296 474 490
291 307 210 226
106 122 425 441
323 339 161 177
347 363 75 91
119 135 361 377
189 205 298 314
325 341 249 265
295 311 361 377
103 119 11 27
382 398 98 114
72 88 342 358
238 254 151 167
92 108 184 200
26 42 271 287
119 135 420 436
246 262 256 272
416 432 407 423
259 275 421 437
315 331 133 149
377 393 90 106
396 412 72 88
429 445 9 25
134 150 464 480
344 360 304 320
118 134 297 313
82 98 49 65
132 148 315 331
467 483 87 103
205 221 11 27
40 56 466 482
475 491 240 256
40 56 251 267
215 231 254 270
65 81 396 412
120 136 402 418
364 380 409 425
73 89 273 289
310 326 20 36
184 200 199 215
281 297 231 247
157 173 188 204
146 162 221 237
12 28 19 35
311 327 181 197
234 250 421 437
230 246 390 406
261 277 156 172
281 297 353 369
53 69 458 474
288 304 174 190
419 435 475 491
211 227 50 66
51 67 54 70
246 262 72 88
219 235 460 476
29 45 370 386
164 180 225 241
451 467 185 201
284 300 403 419
151 167 118 134
305 321 462 478
255 271 454 470
269 285 114 130
206 222 140 156
473 489 143 159
275 291 324 340
211 227 33 49
348 364 171 187
352 368 110 126
33 49 461 477
268 284 18 34
59 75 353 369
259 275 59 75
264 280 229 245
194 210 48 64
262 278 418 434
340 356 363 379
74 90 399 415
64 80 262 278
355 371 403 419
358 374 234 250
397 413 431 447
418 434 110 126
164 180 263 279
449 465 96 112
183 199 173 189
365 381 195 211
415 431 354 370
51 67 148 164
9 25 256 272
262 278 91 107
394 410 224 240
251 267 431 447
233 249 224 240
269 285 468 484
25 41 444 460
376 392 195 211
399 415 385 401
236 252 243 259
144 160 431 447
192 208 86 102
21 37 377 393
261 277 243 259
241 257 228 244
431 447 19 35
378 394 371 387
364 380 194 210
144 160 212 228
447 463 171 187
27 43 11 27
323 339 451 467
449 465 154 170
25 41 343 359
353 369 313 329
84 100 73 89
48 64 303 319
302 318 384 400
90 106 201 217
61 77 212 228
302 318 211 227
282 298 397 413
135 151 272 288
303 319 221 237
276 292 84 100
161 177 34 50
231 247 272 288
198 214 277 293
227 243 308 324
347 363 358 374
141 157 305 321
342 358 195 211
261 277 113 129
228 244 230 246
397 413 211 227
456 472 319 335
393 409 352 368
63 79 200 216
216 232 59 75
320 336 374 390
358 374 370 386
351 367 469 485
366 382 306 322
462 478 300 316
468 484 122 138
41 57 298 314
320 336 440 456
213 229 363 379
46 62 330 346
383 399 132 148
259 275 416 432
167 183 115 131
197 213 451 467
372 388 319 335
452 468 164 180
84 100 392 408
33 49 367 383
184 200 134 150
196 212 13 29
190 206 109 125
77 93 312 328
471 487 272 288
237 253 260 276
148 164 449 465
224 240 89 105
146 162 153 169
387 403 287 303
412 428 123 139
90 106 229 245
376 392 169 185
108 124 448 464
363 379 166 182
34 50 389 405
406 422 403 419
350 366 48 64
152 168 72 88
148 164 141 157
229 245 263 279
267 283 148 164
192 208 378 394
228 244 371 387
271 287 424 440
415 431 175 191
73 89 428 444
333 349 178 194
239 255 330 346
347 363 183 199
102 118 315 331
339 355 150 166
418 434 189 205
465 481 49 65
355 371 408 424
378 394 123 139
120 136 165 181
411 427 381 397
158 174 330 346
321 337 381 397
293 309 401 417
401 417 299 315
104 120 428 444
181 197 162 178
305 321 127 143
151 167 113 129
231 247 109 125
69 85 289 305
78 94 187 203
413 429 102 118
251 267 287 303
87 103 210 226
106 122 467 483
375 391 355 371
363 379 105 121
196 212 260 276
128 144 102 118
103 119 162 178
465 481 220 236
145 161 45 61
184 200 468 484
433 449 337 353
15 31 42 58
285 301 263 279
44 60 58 74
183 199 373 389
235 251 336 352
248 264 310 326
84 100 291 307
401 417 397 413
134 150 182 198
95 111 285 301
21 37 30 46
375 391 383 399
167 183 76 92
339 355 473 489
109 125 257 273
64 80 251 267
446 462 71 87
175 191 338 354
388 404 420 436
104 120 332 348
258 274 96 112
414 430 291 307
390 406 276 292
448 464 322 338
376 392 404 420
458 474 233 249
217 233 28 44
235 251 314 330
448 464 467 483
310 326 132 148
328 344 401 417
411 427 413 429
467 483 166 182
175 191 231 247
236 252 259 275
405 421 442 458
312 328 385 401
230 246 285 301
337 353 442 458
59 75 143 159
344 360 129 145
443 459 328 344
457 473 47 63
251 267 126 142
426 442 271 287
461 477 35 51
214 230 421 437
323 339 454 470
112 128 458 474
314 330 279 295
39 55 177 193
33 49 451 467
423 439 146 162
185 201 253 269
291 307 48 64
149 165 251 267
231 247 340 356
31 47 82 98
338 354 204 220
14 30 56 72
354 370 290 306
327 343 327 343
242 258 192 208
88 104 136 152
405 421 165 181
455 471 152 168
177 193 241 257
469 485 246 262
467 483 166 182
173 189 91 107
166 182 390 406
442 458 53 69
261 277 9 25
440 456 282 298
295 311 183 199
222 238 37 53
274 290 129 145
240 256 280 296
268 284 429 445
179 195 159 175
10 26 339 355
139 155 106 122
84 100 465 481
377 393 265 281
232 248 375 391
412 428 339 355
282 298 261 277
285 301 380 396
240 256 458 474
83 99 118 134
241 257 428 444
372 388 10 26
182 198 250 266
434 450 410 426
232 248 470 486
419 435 323 339
21 37 182 198
456 472 323 339
273 289 259 275
60 76 299 315
239 255 420 436
240 256 119 135
42 58 92 108
381 397 226 242
227 243 181 197
189 205 468 484
234 250 213 229
104 120 92 108
237 253 452 468
368 384 96 112
173 189 126 142
425 441 370 386
190 206 56 72
285 301 130 146
413 429 52 68
224 240 396 412
385 401 40 56
410 426 20 36
72 88 46 62
27 43 456 472
145 161 236 252
72 88 453 469
281 297 308 324
328 344 217 233
341 357 176 192
65 81 87 103
397 413 153 169
273 289 89 105
95 111 128 144
89 105 355 371
97 113 457 473
50 66 412 428
403 419 450 466
386 402 369 385
275 291 374 390
40 56 433 449
121 137 408 424
373 389 206 222
279 295 302 318
234 250 433 449
141 157 280 296
202 218 302 318
213 229 360 376
73 89 292 308
318 334 104 120
403 419 21 37
381 397 142 158
139 155 356 372
333 349 278 294
158 174 428 444
163 179 461 477
343 359 321 337
195 211 58 74
455 471 418 434
362 378 69 85
397 413 214 230
452 468 302 318
345 361 127 143
421 437 361 377
395 411 380 396
84 100 376 392
205 221 262 278
78 94 442 458
142 158 41 57
330 346 315 331
195 211 226 242
51 67 248 264
39 55 19 35
418 434 335 351
240 256 72 88
80 96 132 148
51 67 40 56
468 484 202 218
466 482 19 35
356 372 299 315
72 88 209 225
379 395 91 107
415 431 398 414
380 396 465 481
31 47 232 248
207 223 345 361
448 464 266 282
446 462 149 165
226 242 319 335
42 58 471 487
337 353 231 247
306 322 223 239
207 223 81 97
367 383 217 233
192 208 359 375
125 141 318 334
363 379 266 282
17 33 389 405
92 108 43 59
102 118 438 454
461 477 274 290
94 110 75 91
133 149 152 168
238 254 263 279
142 158 129 145
11 27 15 31
268 284 73 89
295 311 405 421
203 219 137 153
374 390 383 399
399 415 458 474
452 468 366 382
47 63 413 429
244 260 345 361
261 277 190 206
307 323 410 426
350 366 53 69
375 391 72 88
109 125 150 166
327 343 279 295
56 72 219 235
208 224 289 305
439 455 341 357
232 248 78 94
61 77 162 178
169 185 180 196
85 101 177 193
361 377 166 182
195 211 255 271
224 240 181 197
378 394 290 306
60 76 251 267
441 457 232 248
394 410 238 254
337 353 346 362
232 248 470 486
372 388 401 417
31 47 446 462
390 406 471 487
313 329 364 380
278 294 397 413
140 156 134 150
420 436 410 426
207 223 266 282
400 416 355 371
469 485 375 391
279 295 339 355
264 280 440 456
453 469 104 120
356 372 190 206
163 179 332 348
143 159 279 295
227 243 137 153
131 147 50 66
457 473 449 465
135 151 27 43
260 276 118 134
155 171 460 476
399 415 316 332
138 154 342 358
81 97 329 345
269 285 155 171
115 131 326 342
66 82 43 59
16 32 399 415
265 281 328 344
426 442 250 266
429 445 468 484
326 342 465 481
427 443 283 299
179 195 230 246
458 474 114 130
343 359 147 163
403 419 474 490
66 82 154 170
117 133 50 66
297 313 396 412
413 429 270 286
375 391 215 231
241 257 205 221
280 296 81 97
475 491 284 300
300 316 12 28
252 268 186 202
80 96 135 151
386 402 385 401
372 388 349 365
99 115 208 224
27 43 450 466
178 194 101 117
211 227 229 245
217 233 370 386
98 114 470 486
151 167 440 456
272 288 173 189
61 77 57 73
113 129 254 270
464 480 239 255
187 203 274 290
84 100 155 171
339 355 426 442
210 226 50 66
301 317 48 64
389 405 84 100
94 110 65 81
274 290 293 309
247 263 66 82
189 205 422 438
376 392 174 190
347 363 370 386
440 456 254 270
409 425 28 44
300 316 463 479
233 249 457 473
168 184 42 58
123 139 17 33
429 445 293 309
93 109 276 292
283 299 283 299
145 161 375 391
50 66 264 280
428 444 152 168
79 95 214 230
28 44 366 382
291 307 25 41
81 97 349 365
213 229 69 85
238 254 115 131
242 258 413 429
297 313 48 64
291 307 464 480
409 425 47 63
205 221 248 264
175 191 367 383
459 475 181 197
20 36 296 312
264 280 336 352
212 228 313 329
355 371 454 470
141 157 166 182
38 54 145 161
201 217 210 226
261 277 141 157
391 407 360 376
430 446 41 57
424 440 151 167
247 263 232 248
192 208 152 168
168 184 449 465
64 80 385 401
308 324 288 304
171 187 174 190
361 377 375 391
206 222 313 329
25 41 175 191
317 333 139 155
295 311 344 360
389 405 149 165
105 121 236 252
426 442 207 223
119 135 235 251
387 403 239 255
368 384 423 439
41 57 166 182
354 370 170 186
373 389 186 202
405 421 368 384
160 176 268 284
104 120 99 115
423 439 170 186
451 467 359 375
147 163 13 29
435 451 40 56
163 179 215 231
353 369 211 227
10 26 125 141
195 211 20 36
365 381 57 73
315 331 202 218
376 392 303 319
432 448 290 306
237 253 86 102
19 35 405 421
19 35 471 487
106 122 288 304
300 316 410 426
407 423 268 284
166 182 433 449
379 395 332 348
215 231 465 481
285 301 115 131
360 376 77 93
140 156 193 209
214 230 405 421
166 182 318 334
434 450 434 450
223 239 105 121
299 315 78 94
285 301 102 118
417 433 126 142
473 489 209 225
216 232 302 318
253 269 223 239
362 378 158 174
434 450 405 421
406 422 393 409
264 280 142 158
412 428 413 429
132 148 42 58
158 174 460 476
55 71 81 97
290 306 259 275
139 155 358 374
329 345 445 461
413 429 167 183
456 472 237 253
110 126 80 96
219 235 393 409
239 255 59 75
394 410 352 368
138 154 203 219
132 148 39 55
317 333 87 103
441 457 164 180
283 299 208 224
254 270 475 491
140 156 260 276
409 425 385 401
341 357 373 389
202 218 161 177
184 200 357 373
455 471 52 68
106 122 333 349
335 351 16 32
13 29 285 301
437 453 421 437
414 430 377 393
246 262 51 67
160 176 279 295
178 194 440 456
121 137 338 354
69 85 387 403
30 46 437 453
331 347 411 427
134 150 278 294
388 404 433 449
444 460 62 78
459 475 196 212
430 446 245 261
294 310 36 52
318 334 414 430
228 244 14 30
38 54 14 30
188 204 25 41
135 151 124 140
55 71 461 477
141 157 292 308
443 459 260 276
238 254 286 302
382 398 458 474
429 445 389 405
381 397 73 89
356 372 119 135
139 155 370 386
62 78 289 305
308 324 398 414
370 386 455 471
249 265 387 403
296 312 187 203
211 227 410 426
316 332 181 197
441 457 283 299
431 447 407 423
26 42 455 471
31 47 77 93
185 201 425 441
129 145 130 146
56 72 30 46
271 287 73 89
433 449 422 438
329 345 58 74
137 153 339 355
57 73 363 379
387 403 135 151
213 229 9 25
294 310 54 70
333 349 439 455
308 324 429 445
264 280 214 230
202 218 73 89
116 132 108 124
429 445 80 96
413 429 333 349
286 302 49 65
46 62 201 217
473 489 468 484
317 333 194 210
232 248 150 166
341 357 207 223
405 421 98 114
248 264 102 118
236 252 35 51
447 463 459 475
261 277 433 449
317 333 48 64
34 50 419 435
103 119 331 347
463 479 418 434
40 56 368 384
112 128 236 252
202 218 233 249
83 99 333 349
456 472 203 219
329 345 124 140
115 131 20 36
437 453 82 98
121 137 50 66
171 187 355 371
73 89 384 400
383 399 426 442
31 47 337 353
460 476 131 147
185 201 350 366
106 122 466 482
308 324 108 124
273 289 20 36
189 205 424 440
344 360 453 469
42 58 27 43
465 481 159 175
402 418 354 370
238 254 401 417
413 429 165 181
334 350 422 438
463 479 183 199
299 315 225 241
180 196 20 36
10 26 291 307
203 219 333 349
256 272 464 480
188 204 241 257
68 84 51 67
62 78 52 68
206 222 89 105
135 151 290 306
324 340 241 257
378 394 446 462
227 243 289 305
29 45 65 81
440 456 426 442
26 42 436 452
436 452 358 374
446 462 460 476
153 169 150 166
468 484 55 71
175 191 230 246
357 373 127 143
189 205 283 299
177 193 163 179
311 327 363 379
388 404 170 186
10 26 147 163
212 228 17 33
275 291 57 73
435 451 206 222
100 116 421 437
471 487 228 244
420 436 295 311
168 184 459 475
278 294 49 65
450 466 150 166
250 266 50 66
258 274 466 482
358 374 20 36
40 56 213 229
128 144 468 484
370 386 448 464
404 420 62 78
155 171 172 188
381 397 298 314
200 216 239 255
207 223 135 151
406 422 472 488
71 87 13 29
119 135 53 69
41 57 407 423
157 173 316 332
179 195 72 88
266 282 467 483
462 478 448 464
52 68 43 59
294 310 333 349
465 481 262 278
16 32 11 27
117 133 259 275
80 96 51 67
21 37 374 390
331 347 180 196
115 131 271 287
88 104 32 48
371 387 424 440
232 248 47 63
31 47 356 372
211 227 97 113
36 52 402 418
126 142 338 354
173 189 80 96
313 329 164 180
330 346 351 367
298 314 96 112
143 159 88 104
240 256 385 401
328 344 241 257
23 39 173 189
386 402 418 434
142 158 154 170
322 338 58 74
346 362 343 359
63 79 465 481
420 436 375 391
110 126 282 298
149 165 106 122
19 35 421 437
473 489 256 272
371 387 456 472
296 312 12 28
184 200 262 278
181 197 438 454
154 170 130 146
231 247 300 316
185 201 259 275
312 328 439 455
421 437 107 123
24 40 116 132
124 140 150 166
234 250 184 200
220 236 34 50
365 381 309 325
100 116 55 71
366 382 33 49
361 377 430 446
234 250 438 454
122 138 223 239
471 487 342 358
423 439 365 381
149 165 105 121
15 31 439 455
205 221 171 187
417 433 368 384
154 170 62 78
26 42 20 36
152 168 327 343
234 250 48 64
107 123 353 369
135 151 295 311
333 349 212 228
415 431 434 450
258 274 122 138
146 162 284 300
442 458 161 177
88 104 14 30
273 289 183 199
403 419 120 136
309 325 62 78
358 374 426 442
308 324 428 444
137 153 420 436
375 391 357 373
140 156 473 489
28 44 339 355
191 207 183 199
250 266 456 472
122 138 396 412
226 242 231 247
125 141 57 73
99 115 320 336
130 146 222 238
12 28 68 84
152 168 389 405
234 250 232 248
255 271 93 109
79 95 69 85
436 452 237 253
124 140 166 182
202 218 18 34
388 404 104 120
35 51 25 41
283 299 28 44
168 184 298 314
206 222 310 326
224 240 65 81
76 92 49 65
438 454 254 270
56 72 420 436
315 331 145 161
142 158 223 239
92 108 179 195
442 458 240 256
37 53 470 486
334 350 25 41
385 401 418 434
52 68 298 314
201 217 274 290
77 93 19 35
194 210 234 250
370 386 432 448
134 150 337 353
234 250 160 176
201 217 127 143
134 150 102 118
179 195 311 327
376 392 60 76
115 131 336 352
178 194 86 102
22 38 473 489
31 47 462 478
196 212 112 128
361 377 346 362
75 91 62 78
186 202 392 408
226 242 320 336
417 433 240 256
440 456 114 130
31 47 312 328
105 121 37 53
59 75 54 70
93 109 90 106
192 208 443 459
71 87 151 167
88 104 159 175
405 421 339 355
278 294 461 477
404 420 341 357
38 54 230 246
280 296 136 152
153 169 467 483
349 365 171 187
417 433 276 292
145 161 225 241
72 88 57 73
472 488 184 200
15 31 71 87
392 408 129 145
210 226 82 98
256 272 327 343
60 76 233 249
164 180 467 483
354 370 309 325
402 418 21 37
274 290 406 422
448 464 406 422
37 53 36 52
345 361 387 403
432 448 378 394
360 376 322 338
259 275 395 411
271 287 394 410
314 330 124 140
84 100 94 110
240 256 453 469
130 146 302 318
351 367 84 100
14 30 389 405
11 27 57 73
139 155 295 311
452 468 158 174
58 74 280 296
305 321 158 174
250 266 87 103
220 236 99 115
110 126 79 95
454 470 186 202
173 189 359 375
113 129 169 185
300 316 242 258
266 282 277 293
132 148 389 405
392 408 275 291
331 347 469 485
66 82 90 106
169 185 237 253
462 478 172 188
113 129 172 188
154 170 411 427
473 489 336 352
370 386 447 463
244 260 161 177
121 137 407 423
39 55 143 159
249 265 134 150
362 378 137 153
261 277 445 461
411 427 141 157
408 424 301 317
65 81 113 129
94 110 282 298
67 83 257 273
377 393 12 28
387 403 186 202
105 121 450 466
315 331 120 136
179 195 27 43
269 285 83 99
29 45 188 204
335 351 180 196
201 217 87 103
146 162 26 42
345 361 77 93
198 214 163 179
55 71 426 442
391 407 97 113
196 212 130 146
434 450 48 64
334 350 194 210
65 81 273 289
407 423 393 409
428 444 109 125
215 231 179 195
79 95 349 365
26 42 32 48
269 285 319 335
210 226 251 267
