672 688 773 789
475 491 309 325
597 613 760 776
280 296 789 805
340 356 635 651
392 408 329 345
319 335 674 690
951 967 900 916
534 550 692 708
405 421 501 517
872 888 260 276
722 738 781 797
751 767 160 176
781 797 137 153
409 425 377 393
619 635 787 803
584 600 324 340
620 636 178 194
637 653 794 810
151 167 695 711
208 224 161 177
153 169 80 96
444 460 224 240
947 963 673 689
607 623 24 40
461 477 677 693
83 99 63 79
602 618 178 194
724 740 528 544
452 468 958 974
556 572 160 176
920 936 228 244
188 204 299 315
104 120 189 205
274 290 675 691
657 673 339 355
969 985 57 73
111 127 785 801
440 456 694 710
920 936 24 40
24 40 218 234
791 807 615 631
546 562 254 270
38 54 261 277
501 517 335 351
702 718 99 115
36 52 92 108
536 552 638 654
279 295 686 702
824 840 344 360
221 237 837 853
110 126 724 740
184 200 130 146
236 252 28 44
859 875 572 588
927 943 926 942
73 89 307 323
546 562 120 136
471 487 259 275
272 288 61 77
28 44 387 403
793 809 460 476
877 893 777 793
605 621 736 752
957 973 44 60
722 738 555 571
377 393 205 221
935 951 17 33
261 277 883 899
410 426 588 604
125 141 142 158
353 369 958 974
501 517 515 531
465 481 24 40
965 981 12 28
595 611 132 148
558 574 423 439
47 63 695 711
771 787 636 652
827 843 891 907
360 376 605 621
538 554 957 973
770 786 910 926
853 869 241 257
657 673 969 985
801 817 472 488
12 28 270 286
745 761 239 255
617 633 467 483
572 588 542 558
885 901 228 244
161 177 370 386
683 699 339 355
266 282 298 314
849 865 207 223
140 156 931 947
695 711 547 563
755 771 789 805
61 77 286 302
460 476 634 650
441 457 128 144
782 798 654 670
592 608 203 219
215 231 46 62
720 736 436 452
126 142 272 288
589 605 578 594
740 756 286 302
967 983 765 781
14 30 879 895
84 100 883 899
866 882 337 353
317 333 895 911
133 149 293 309
578 594 901 917
566 582 194 210
419 435 451 467
523 539 705 721
416 432 390 406
423 439 936 952
408 424 819 835
40 56 848 864
671 687 239 255
568 584 131 147
87 103 586 602
749 765 418 434
84 100 742 758
361 377 144 160
678 694 419 435
729 745 731 747
105 121 311 327
954 970 334 350
962 978 245 261
971 987 831 847
853 869 407 423
422 438 38 54
494 510 708 724
769 785 717 733
531 547 544 560
685 701 833 849
75 91 365 381
703 719 501 517
364 380 803 819
303 319 338 354
713 729 784 800
578 594 703 719
760 776 959 975
354 370 286 302
343 359 50 66
930 946 592 608
568 584 604 620
143 159 758 774
556 572 704 720
613 629 328 344
315 331 154 170
496 512 785 801
403 419 817 833
255 271 365 381
192 208 25 41
613 629 65 81
301 317 707 723
699 715 276 292
298 314 152 168
363 379 283 299
277 293 728 744
233 249 959 975
91 107 925 941
186 202 910 926
360 376 825 841
878 894 251 267
369 385 153 169
62 78 298 314
224 240 469 485
104 120 20 36
943 959 228 244
21 37 917 933
618 634 639 655
701 717 308 324
23 39 506 522
284 300 685 701
319 335 793 809
433 449 336 352
905 921 556 572
727 743 468 484
687 703 624 640
726 742 622 638
799 815 113 129
382 398 178 194
605 621 577 593
391 407 689 705
652 668 27 43
132 148 724 740
304 320 246 262
646 662 533 549
198 214 518 534
395 411 478 494
50 66 801 817
932 948 361 377
233 249 123 139
574 590 720 736
836 852 332 348
229 245 930 946
495 511 100 116
380 396 968 984
241 257 705 721
905 921 767 783
746 762 639 655
879 895 389 405
284 300 342 358
531 547 121 137
247 263 69 85
442 458 167 183
416 432 823 839
669 685 714 730
362 378 464 480
692 708 943 959
349 365 465 481
192 208 879 895
273 289 773 789
533 549 880 896
853 869 853 869
357 373 295 311
551 567 940 956
165 181 779 795
324 340 624 640
952 968 387 403
381 397 491 507
917 933 97 113
928 944 48 64
636 652 42 58
172 188 128 144
534 550 786 802
61 77 369 385
62 78 16 32
160 176 153 169
585 601 542 558
846 862 68 84
595 611 809 825
840 856 141 157
945 961 760 776
80 96 668 684
289 305 841 857
636 652 308 324
357 373 629 645
967 983 493 509
290 306 107 123
214 230 357 373
602 618 451 467
726 742 584 600
144 160 365 381
257 273 445 461
961 977 950 966
292 308 952 968
104 120 111 127
63 79 973 989
249 265 775 791
566 582 182 198
877 893 816 832
14 30 90 106
940 956 71 87
58 74 424 440
419 435 80 96
955 971 718 734
528 544 133 149
324 340 340 356
283 299 860 876
935 951 497 513
869 885 214 230
76 92 315 331
736 752 595 611
853 869 424 440
745 761 332 348
41 57 16 32
85 101 209 225
69 85 899 915
759 775 416 432
769 785 262 278
747 763 829 845
416 432 561 577
719 735 577 593
639 655 445 461
489 505 51 67
788 804 478 494
692 708 41 57
462 478 768 784
64 80 587 603
349 365 496 512
574 590 808 824
872 888 691 707
554 570 177 193
508 524 650 666
470 486 39 55
602 618 471 487
403 419 221 237
848 864 579 595
508 524 320 336
533 549 511 527
953 969 887 903
206 222 917 933
78 94 771 787
753 769 422 438
374 390 62 78
386 402 764 780
232 248 692 708
424 440 391 407
110 126 297 313
322 338 539 555
392 408 900 916
511 527 375 391
44 60 849 865
828 844 286 302
926 942 566 582
574 590 349 365
690 706 153 169
481 497 775 791
221 237 297 313
440 456 99 115
163 179 261 277
547 563 456 472
440 456 949 965
510 526 866 882
627 643 47 63
682 698 367 383
398 414 910 926
789 805 191 207
635 651 965 981
522 538 384 400
379 395 630 646
198 214 795 811
787 803 524 540
271 287 383 399
122 138 166 182
24 40 533 549
287 303 39 55
703 719 172 188
18 34 328 344
501 517 412 428
551 567 646 662
320 336 533 549
923 939 346 362
755 771 232 248
224 240 49 65
117 133 229 245
53 69 660 676
656 672 403 419
153 169 303 319
422 438 702 718
823 839 931 947
635 651 902 918
217 233 175 191
42 58 677 693
291 307 113 129
178 194 599 615
967 983 696 712
177 193 868 884
497 513 414 430
793 809 864 880
76 92 153 169
715 731 660 676
830 846 715 731
808 824 580 596
94 110 816 832
637 653 944 960
315 331 350 366
804 820 556 572
958 974 908 924
10 26 339 355
708 724 147 163
859 875 35 51
458 474 239 255
64 80 746 762
352 368 543 559
45 61 863 879
165 181 431 447
58 74 646 662
297 313 643 659
526 542 78 94
799 815 943 959
747 763 921 937
172 188 829 845
660 676 193 209
163 179 323 339
605 621 787 803
703 719 847 863
787 803 493 509
497 513 67 83
135 151 727 743
606 622 74 90
651 667 854 870
425 441 449 465
602 618 244 260
686 702 165 181
187 203 502 518
331 347 670 686
810 826 655 671
902 918 786 802
937 953 300 316
20 36 796 812
565 581 634 650
185 201 740 756
144 160 703 719
429 445 323 339
823 839 961 977
52 68 252 268
708 724 732 748
704 720 573 589
623 639 700 716
574 590 939 955
177 193 493 509
809 825 172 188
880 896 208 224
466 482 236 252
381 397 67 83
103 119 845 861
488 504 711 727
810 826 698 714
671 687 633 649
220 236 909 925
292 308 848 864
776 792 616 632
805 821 680 696
103 119 876 892
50 66 424 440
928 944 591 607
81 97 731 747
178 194 916 932
950 966 609 625
726 742 752 768
309 325 327 343
178 194 136 152
376 392 141 157
336 352 592 608
954 970 799 815
456 472 947 963
671 687 410 426
339 355 79 95
672 688 81 97
546 562 755 771
695 711 760 776
252 268 367 383
78 94 798 814
223 239 32 48
571 587 509 525
461 477 867 883
249 265 292 308
651 667 961 977
852 868 522 538
99 115 570 586
700 716 973 989
224 240 519 535
126 142 107 123
500 516 557 573
349 365 320 336
817 833 726 742
725 741 603 619
755 771 911 927
953 969 643 659
516 532 155 171
615 631 25 41
427 443 404 420
579 595 903 919
422 438 406 422
105 121 348 364
714 730 355 371
504 520 170 186
232 248 280 296
690 706 735 751
682 698 153 169
574 590 532 548
768 784 11 27
46 62 676 692
611 627 637 653
225 241 396 412
137 153 596 612
391 407 259 275
258 274 411 427
521 537 913 929
297 313 505 521
207 223 385 401
964 980 181 197
595 611 423 439
112 128 946 962
826 842 824 840
277 293 821 837
890 906 931 947
781 797 144 160
699 715 470 486
580 596 742 758
187 203 926 942
731 747 497 513
15 31 209 225
531 547 194 210
261 277 9 25
458 474 236 252
521 537 869 885
271 287 464 480
499 515 807 823
876 892 374 390
688 704 311 327
206 222 68 84
237 253 416 432
276 292 642 658
941 957 625 641
164 180 436 452
852 868 620 636
414 430 958 974
231 247 907 923
762 778 79 95
454 470 213 229
344 360 217 233
851 867 365 381
267 283 505 521
491 507 112 128
392 408 457 473
914 930 37 53
289 305 924 940
592 608 235 251
188 204 622 638
431 447 710 726
655 671 709 725
406 422 799 815
353 369 252 268
676 692 247 263
233 249 97 113
760 776 852 868
536 552 47 63
260 276 128 144
353 369 252 268
318 334 790 806
526 542 319 335
522 538 125 141
504 520 143 159
282 298 96 112
62 78 479 495
503 519 420 436
900 916 190 206
747 763 72 88
550 566 563 579
546 562 909 925
590 606 781 797
790 806 66 82
218 234 426 442
607 623 841 857
447 463 161 177
693 709 970 986
547 563 352 368
806 822 12 28
605 621 399 415
837 853 766 782
361 377 260 276
822 838 394 410
772 788 407 423
48 64 122 138
713 729 606 622
811 827 161 177
259 275 52 68
22 38 913 929
245 261 178 194
905 921 376 392
709 725 486 502
15 31 812 828
327 343 289 305
648 664 645 661
942 958 881 897
583 599 912 928
461 477 669 685
678 694 566 582
279 295 627 643
180 196 24 40
110 126 423 439
503 519 306 322
489 505 158 174
125 141 632 648
493 509 88 104
306 322 560 576
207 223 754 770
345 361 116 132
62 78 530 546
813 829 585 601
815 831 315 331
707 723 556 572
321 337 386 402
606 622 269 285
918 934 351 367
551 567 588 604
473 489 32 48
466 482 750 766
824 840 231 247
266 282 157 173
333 349 276 292
704 720 403 419
510 526 457 473
407 423 575 591
473 489 576 592
153 169 492 508
552 568 45 61
431 447 367 383
394 410 521 537
453 469 574 590
35 51 788 804
767 783 619 635
480 496 13 29
328 344 153 169
263 279 696 712
570 586 777 793
77 93 330 346
766 782 577 593
333 349 161 177
925 941 106 122
591 607 287 303
273 289 615 631
596 612 918 934
913 929 435 451
827 843 855 871
503 519 941 957
489 505 555 571
302 318 814 830
852 868 611 627
755 771 962 978
551 567 309 325
897 913 733 749
242 258 843 859
359 375 418 434
578 594 938 954
862 878 258 274
467 483 793 809
394 410 625 641
194 210 681 697
398 414 550 566
226 242 555 571
586 602 270 286
904 920 892 908
291 307 636 652
732 748 475 491
945 961 612 628
449 465 911 927
559 575 140 156
134 150 364 380
876 892 854 870
421 437 771 787
278 294 318 334
878 894 538 554
802 818 897 913
926 942 593 609
154 170 330 346
271 287 659 675
43 59 809 825
579 595 26 42
121 137 614 630
615 631 639 655
957 973 871 887
718 734 44 60
434 450 540 556
652 668 922 938
255 271 623 639
116 132 483 499
686 702 925 941
669 685 23 39
248 264 602 618
815 831 441 457
69 85 765 781
897 913 950 966
154 170 804 820
241 257 795 811
47 63 557 573
143 159 638 654
161 177 213 229
513 529 67 83
389 405 193 209
455 471 498 514
204 220 490 506
882 898 949 965
74 90 839 855
971 987 287 303
662 678 542 558
57 73 167 183
9 25 566 582
696 712 210 226
618 634 382 398
946 962 732 748
196 212 195 211
829 845 851 867
904 920 606 622
699 715 449 465
817 833 951 967
865 881 342 358
229 245 367 383
581 597 288 304
539 555 21 37
954 970 482 498
972 988 61 77
459 475 366 382
835 851 478 494
95 111 195 211
589 605 779 795
529 545 667 683
337 353 148 164
232 248 632 648
296 312 151 167
952 968 235 251
340 356 497 513
331 347 579 595
882 898 442 458
42 58 755 771
736 752 17 33
325 341 967 983
207 223 933 949
539 555 49 65
721 737 934 950
888 904 713 729
458 474 85 101
458 474 613 629
148 164 472 488
932 948 89 105
965 981 935 951
766 782 781 797
140 156 110 126
157 173 425 441
863 879 283 299
461 477 165 181
545 561 323 339
409 425 178 194
72 88 185 201
504 520 975 991
593 609 175 191
167 183 459 475
27 43 609 625
283 299 702 718
388 404 315 331
873 889 616 632
601 617 321 337
500 516 403 419
351 367 546 562
898 914 634 650
133 149 959 975
568 584 624 640
904 920 869 885
942 958 17 33
165 181 417 433
13 29 610 626
81 97 39 55
419 435 866 882
755 771 562 578
905 921 526 542
84 100 352 368
599 615 770 786
251 267 660 676
878 894 540 556
930 946 916 932
301 317 244 260
636 652 948 964
148 164 759 775
674 690 436 452
166 182 412 428
293 309 821 837
358 374 897 913
583 599 130 146
489 505 613 629
918 934 522 538
919 935 724 740
147 163 361 377
76 92 964 980
211 227 423 439
795 811 633 649
227 243 922 938
447 463 97 113
294 310 685 701
268 284 334 350
589 605 54 70
727 743 161 177
439 455 917 933
128 144 820 836
166 182 448 464
552 568 302 318
631 647 552 568
436 452 202 218
164 180 859 875
103 119 241 257
679 695 727 743
540 556 145 161
482 498 241 257
815 831 333 349
403 419 64 80
93 109 533 549
860 876 781 797
516 532 18 34
252 268 944 960
495 511 521 537
753 769 121 137
881 897 497 513
83 99 708 724
783 799 40 56
972 988 187 203
580 596 312 328
971 987 638 654
130 146 400 416
363 379 104 120
291 307 66 82
631 647 972 988
796 812 342 358
900 916 179 195
912 928 212 228
901 917 825 841
122 138 303 319
907 923 430 446
583 599 292 308
215 231 122 138
603 619 665 681
514 530 309 325
443 459 151 167
832 848 652 668
464 480 841 857
35 51 122 138
592 608 777 793
883 899 364 380
54 70 170 186
103 119 786 802
876 892 101 117
809 825 519 535
513 529 824 840
359 375 576 592
134 150 174 190
718 734 961 977
36 52 696 712
897 913 238 254
292 308 210 226
444 460 778 794
306 322 878 894
59 75 621 637
644 660 831 847
178 194 412 428
969 985 157 173
565 581 109 125
323 339 653 669
218 234 404 420
546 562 75 91
776 792 300 316
385 401 800 816
156 172 871 887
183 199 169 185
496 512 598 614
550 566 39 55
126 142 271 287
77 93 61 77
73 89 544 560
28 44 150 166
409 425 278 294
921 937 870 886
850 866 330 346
733 749 587 603
527 543 244 260
127 143 695 711
638 654 573 589
357 373 263 279
666 682 409 425
630 646 835 851
931 947 466 482
391 407 712 728
676 692 519 535
66 82 728 744
963 979 105 121
514 530 966 982
58 74 943 959
642 658 691 707
898 914 923 939
484 500 75 91
876 892 650 666
112 128 42 58
451 467 481 497
759 775 178 194
774 790 775 791
151 167 710 726
53 69 308 324
51 67 232 248
841 857 466 482
957 973 111 127
273 289 836 852
568 584 251 267
661 677 856 872
333 349 430 446
207 223 395 411
45 61 305 321
634 650 167 183
856 872 579 595
327 343 474 490
462 478 831 847
196 212 183 199
744 760 315 331
945 961 713 729
475 491 537 553
796 812 130 146
674 690 825 841
683 699 131 147
942 958 358 374
705 721 390 406
809 825 468 484
178 194 871 887
197 213 801 817
429 445 704 720
715 731 802 818
383 399 597 613
250 266 96 112
742 758 15 31
16 32 27 43
578 594 75 91
954 970 76 92
684 700 236 252
242 258 821 837
232 248 490 506
402 418 862 878
257 273 768 784
654 670 969 985
645 661 626 642
80 96 725 741
834 850 64 80
782 798 559 575
380 396 435 451
778 794 703 719
135 151 423 439
248 264 566 582
700 716 848 864
82 98 164 180
400 416 917 933
433 449 50 66
964 980 283 299
133 149 595 611
112 128 350 366
370 386 908 924
871 887 78 94
9 25 239 255
698 714 252 268
668 684 296 312
90 106 257 273
582 598 296 312
509 525 194 210
367 383 110 126
57 73 238 254
109 125 794 810
651 667 269 285
69 85 14 30
209 225 530 546
175 191 168 184
682 698 860 876
503 519 161 177
968 984 631 647
949 965 155 171
302 318 905 921
926 942 770 786
279 295 26 42
10 26 175 191
95 111 162 178
362 378 496 512
522 538 500 516
328 344 894 910
142 158 552 568
835 851 458 474
504 520 103 119
158 174 601 617
511 527 396 412
140 156 965 981
138 154 108 124
658 674 34 50
333 349 957 973
881 897 161 177
774 790 849 865
316 332 788 804
362 378 847 863
486 502 535 551
913 929 408 424
690 706 170 186
173 189 536 552
758 774 459 475
750 766 198 214
599 615 437 453
793 809 161 177
857 873 648 664
259 275 673 689
487 503 852 868
568 584 710 726
847 863 509 525
652 668 724 740
377 393 637 653
184 200 423 439
432 448 60 76
809 825 681 697
268 284 611 627
22 38 174 190
47 63 937 953
348 364 20 36
417 433 53 69
398 414 240 256
784 800 729 745
630 646 423 439
919 935 27 43
538 554 374 390
871 887 259 275
957 973 295 311
582 598 10 26
308 324 752 768
681 697 247 263
409 425 520 536
272 288 172 188
176 192 48 64
688 704 663 679
723 739 960 976
965 981 695 711
641 657 170 186
662 678 33 49
301 317 483 499
235 251 775 791
905 921 499 515
476 492 692 708
191 207 826 842
78 94 108 124
563 579 110 126
925 941 833 849
359 375 914 930
419 435 25 41
447 463 356 372
337 353 460 476
419 435 21 37
975 991 594 610
698 714 237 253
645 661 772 788
78 94 92 108
332 348 284 300
136 152 304 320
930 946 742 758
836 852 611 627
365 381 285 301
25 41 554 570
451 467 668 684
701 717 743 759
378 394 440 456
839 855 377 393
157 173 941 957
826 842 782 798
410 426 515 531
106 122 430 446
361 377 743 759
734 750 56 72
96 112 898 914
339 355 271 287
402 418 310 326
837 853 881 897
135 151 845 861
902 918 141 157
695 711 43 59
843 859 556 572
443 459 887 903
660 676 400 416
764 780 425 441
871 887 251 267
320 336 784 800
651 667 952 968
149 165 643 659
938 954 808 824
55 71 23 39
677 693 866 882
165 181 778 794
255 271 550 566
518 534 800 816
548 564 466 482
170 186 628 644
64 80 779 795
867 883 492 508
903 919 603 619
533 549 240 256
141 157 38 54
752 768 240 256
704 720 584 600
654 670 674 690
823 839 423 439
431 447 100 116
677 693 376 392
225 241 881 897
932 948 424 440
171 187 805 821
964 980 151 167
212 228 441 457
176 192 381 397
250 266 613 629
913 929 920 936
456 472 68 84
211 227 713 729
118 134 87 103
467 483 624 640
539 555 9 25
656 672 264 280
100 116 625 641
906 922 844 860
662 678 76 92
650 666 268 284
520 536 760 776
624 640 59 75
395 411 840 856
360 376 852 868
219 235 742 758
933 949 294 310
186 202 32 48
138 154 292 308
535 551 561 577
149 165 673 689
493 509 825 841
120 136 899 915
966 982 45 61
710 726 606 622
374 390 227 243
667 683 879 895
958 974 861 877
910 926 771 787
839 855 551 567
281 297 559 575
792 808 142 158
378 394 613 629
372 388 503 519
162 178 814 830
759 775 600 616
245 261 692 708
565 581 872 888
536 552 469 485
207 223 78 94
539 555 83 99
633 649 955 971
203 219 87 103
166 182 621 637
801 817 845 861
113 129 909 925
373 389 683 699
53 69 909 925
412 428 823 839
356 372 429 445
724 740 784 800
973 989 452 468
668 684 465 481
710 726 385 401
248 264 776 792
439 455 847 863
117 133 564 580
23 39 732 748
427 443 528 544
516 532 832 848
206 222 107 123
882 898 465 481
301 317 491 507
165 181 223 239
836 852 295 311
624 640 934 950
77 93 111 127
658 674 156 172
415 431 10 26
558 574 433 449
641 657 913 929
250 266 510 526
485 501 186 202
32 48 169 185
189 205 911 927
202 218 359 375
454 470 283 299
284 300 80 96
572 588 344 360
446 462 339 355
688 704 598 614
43 59 263 279
308 324 427 443
812 828 135 151
597 613 931 947
427 443 110 126
331 347 310 326
227 243 191 207
602 618 382 398
358 374 67 83
396 412 324 340
960 976 49 65
599 615 458 474
89 105 136 152
681 697 426 442
869 885 760 776
582 598 17 33
462 478 808 824
233 249 291 307
150 166 172 188
234 250 286 302
825 841 14 30
236 252 917 933
586 602 799 815
462 478 592 608
832 848 484 500
290 306 751 767
742 758 564 580
360 376 791 807
312 328 938 954
869 885 88 104
362 378 845 861
393 409 460 476
191 207 547 563
551 567 376 392
771 787 108 124
535 551 590 606
895 911 281 297
265 281 651 667
464 480 715 731
105 121 451 467
681 697 145 161
66 82 610 626
945 961 806 822
851 867 425 441
679 695 809 825
674 690 762 778
482 498 945 961
813 829 670 686
510 526 428 444
295 311 636 652
57 73 366 382
487 503 305 321
296 312 583 599
528 544 603 619
735 751 618 634
529 545 747 763
917 933 625 641
687 703 677 693
150 166 581 597
145 161 911 927
156 172 914 930
793 809 375 391
324 340 701 717
887 903 299 315
614 630 570 586
738 754 85 101
884 900 230 246
782 798 645 661
116 132 721 737
568 584 966 982
810 826 921 937
297 313 806 822
861 877 792 808
568 584 659 675
708 724 437 453
83 99 475 491
177 193 422 438
849 865 606 622
510 526 296 312
467 483 174 190
578 594 766 782
312 328 671 687
132 148 482 498
384 400 45 61
169 185 35 51
561 577 214 230
339 355 517 533
491 507 910 926
920 936 551 567
966 982 419 435
682 698 792 808
663 679 562 578
662 678 82 98
30 46 176 192
384 400 640 656
819 835 251 267
899 915 123 139
855 871 68 84
196 212 91 107
804 820 826 842
394 410 333 349
787 803 826 842
240 256 440 456
755 771 612 628
881 897 415 431
21 37 78 94
784 800 593 609
962 978 796 812
546 562 788 804
758 774 460 476
966 982 476 492
113 129 162 178
116 132 518 534
378 394 203 219
358 374 204 220
441 457 463 479
287 303 54 70
197 213 886 902
311 327 126 142
226 242 555 571
199 215 352 368
389 405 971 987
959 975 214 230
707 723 613 629
729 745 380 396
137 153 794 810
254 270 126 142
662 678 689 705
711 727 528 544
19 35 89 105
310 326 652 668
173 189 12 28
15 31 823 839
896 912 573 589
933 949 583 599
36 52 139 155
596 612 548 564
584 600 586 602
831 847 639 655
62 78 855 871
711 727 188 204
521 537 732 748
456 472 888 904
800 816 705 721
649 665 204 220
291 307 541 557
500 516 281 297
580 596 525 541
371 387 587 603
946 962 195 211
358 374 921 937
770 786 953 969
486 502 596 612
688 704 788 804
886 902 796 812
395 411 329 345
752 768 309 325
309 325 861 877
123 139 124 140
223 239 693 709
389 405 590 606
407 423 816 832
121 137 959 975
57 73 311 327
169 185 316 332
695 711 510 526
366 382 254 270
21 37 923 939
951 967 118 134
797 813 594 610
770 786 113 129
772 788 30 46
105 121 744 760
889 905 586 602
575 591 399 415
316 332 846 862
104 120 9 25
286 302 709 725
124 140 889 905
326 342 764 780
694 710 606 622
269 285 339 355
131 147 652 668
693 709 637 653
728 744 260 276
844 860 625 641
838 854 730 746
545 561 675 691
79 95 270 286
801 817 376 392
943 959 471 487
642 658 87 103
616 632 893 909
319 335 57 73
562 578 189 205
381 397 665 681
195 211 330 346
899 915 280 296
70 86 935 951
822 838 114 130
834 850 962 978
699 715 730 746
921 937 496 512
586 602 679 695
885 901 320 336
534 550 733 749
137 153 733 749
337 353 255 271
161 177 300 316
881 897 820 836
443 459 902 918
505 521 418 434
11 27 802 818
876 892 662 678
537 553 878 894
291 307 191 207
758 774 916 932
331 347 592 608
802 818 360 376
111 127 254 270
382 398 562 578
154 170 496 512
603 619 776 792
696 712 332 348
144 160 831 847
202 218 323 339
461 477 355 371
544 560 305 321
854 870 29 45
458 474 760 776
403 419 660 676
926 942 694 710
576 592 322 338
944 960 271 287
735 751 819 835
567 583 738 754
52 68 947 963
412 428 331 347
111 127 563 579
549 565 647 663
524 540 569 585
115 131 394 410
818 834 574 590
628 644 370 386
487 503 362 378
332 348 204 220
955 971 524 540
377 393 569 585
722 738 383 399
844 860 708 724
222 238 78 94
131 147 475 491
468 484 728 744
219 235 91 107
192 208 121 137
920 936 71 87
331 347 350 366
810 826 574 590
20 36 781 797
801 817 702 718
591 607 523 539
488 504 552 568
344 360 228 244
360 376 24 40
162 178 827 843
421 437 675 691
165 181 696 712
78 94 242 258
242 258 732 748
693 709 916 932
40 56 613 629
600 616 862 878
146 162 552 568
630 646 361 377
368 384 281 297
132 148 705 721
106 122 948 964
597 613 40 56
852 868 925 941
535 551 174 190
771 787 810 826
100 116 876 892
769 785 827 843
783 799 822 838
974 990 885 901
821 837 753 769
656 672 170 186
773 789 623 639
775 791 464 480
592 608 421 437
552 568 205 221
430 446 578 594
754 770 293 309
894 910 53 69
905 921 443 459
901 917 767 783
166 182 580 596
797 813 689 705
635 651 141 157
169 185 682 698
654 670 699 715
466 482 663 679
57 73 537 553
26 42 578 594
23 39 245 261
525 541 595 611
790 806 377 393
601 617 213 229
46 62 449 465
355 371 425 441
797 813 347 363
687 703 298 314
126 142 384 400
281 297 475 491
904 920 460 476
215 231 514 530
504 520 144 160
835 851 323 339
952 968 389 405
970 986 914 930
62 78 539 555
823 839 462 478
744 760 653 669
856 872 588 604
588 604 183 199
947 963 233 249
343 359 228 244
220 236 67 83
246 262 444 460
98 114 293 309
440 456 852 868
11 27 919 935
496 512 183 199
110 126 135 151
151 167 29 45
206 222 971 987
88 104 225 241
151 167 668 684
587 603 229 245
537 553 183 199
476 492 397 413
483 499 578 594
564 580 404 420
304 320 506 522
21 37 267 283
28 44 390 406
751 767 237 253
838 854 790 806
883 899 758 774
29 45 175 191
907 923 665 681
586 602 516 532
55 71 640 656
904 920 261 277
809 825 361 377
97 113 126 142
642 658 175 191
401 417 244 260
122 138 772 788
789 805 613 629
333 349 635 651
716 732 541 557
231 247 138 154
673 689 125 141
320 336 384 400
46 62 175 191
896 912 482 498
419 435 130 146
261 277 947 963
354 370 110 126
751 767 501 517
554 570 694 710
495 511 109 125
785 801 937 953
285 301 42 58
801 817 450 466
146 162 80 96
714 730 355 371
53 69 304 320
90 106 801 817
257 273 710 726
297 313 704 720
172 188 544 560
216 232 888 904
443 459 103 119
920 936 45 61
50 66 824 840
559 575 793 809
901 917 480 496
341 357 691 707
316 332 476 492
554 570 927 943
165 181 635 651
608 624 403 419
250 266 662 678
148 164 548 564
424 440 53 69
425 441 126 142
280 296 314 330
477 493 844 860
276 292 911 927
565 581 923 939
46 62 193 209
193 209 397 413
919 935 673 689
850 866 772 788
476 492 378 394
728 744 303 319
820 836 821 837
141 157 254 270
133 149 361 377
51 67 486 502
853 869 927 943
274 290 940 956
250 266 638 654
405 421 496 512
925 941 709 725
392 408 897 913
218 234 119 135
153 169 397 413
701 717 118 134
397 413 275 291
220 236 895 911
156 172 715 731
117 133 952 968
582 598 670 686
60 76 507 523
475 491 36 52
602 618 345 361
175 191 544 560
444 460 395 411
223 239 824 840
698 714 513 529
681 697 876 892
75 91 822 838
878 894 411 427
800 816 633 649
448 464 346 362
798 814 287 303
251 267 353 369
922 938 283 299
303 319 292 308
929 945 580 596
119 135 165 181
77 93 924 940
471 487 261 277
778 794 779 795
507 523 911 927
21 37 127 143
527 543 83 99
147 163 721 737
489 505 496 512
619 635 363 379
556 572 849 865
566 582 557 573
848 864 463 479
606 622 834 850
271 287 290 306
437 453 702 718
705 721 664 680
903 919 148 164
295 311 131 147
432 448 433 449
684 700 332 348
665 681 857 873
458 474 404 420
802 818 706 722
422 438 601 617
711 727 359 375
54 70 887 903
885 901 520 536
844 860 259 275
519 535 581 597
603 619 912 928
501 517 688 704
315 331 359 375
267 283 959 975
813 829 368 384
725 741 532 548
527 543 66 82
347 363 43 59
788 804 201 217
202 218 640 656
234 250 32 48
721 737 152 168
928 944 681 697
755 771 743 759
479 495 378 394
596 612 915 931
652 668 130 146
98 114 727 743
143 159 709 725
385 401 250 266
842 858 659 675
454 470 627 643
644 660 134 150
671 687 224 240
887 903 390 406
609 625 60 76
950 966 166 182
755 771 866 882
262 278 575 591
821 837 503 519
962 978 453 469
862 878 246 262
895 911 925 941
27 43 426 442
743 759 340 356
202 218 658 674
215 231 426 442
608 624 600 616
231 247 754 770
848 864 79 95
892 908 727 743
426 442 966 982
757 773 416 432
394 410 756 772
157 173 633 649
266 282 103 119
344 360 612 628
313 329 161 177
519 535 834 850
402 418 765 781
170 186 172 188
696 712 357 373
24 40 949 965
55 71 727 743
253 269 488 504
565 581 700 716
155 171 160 176
810 826 809 825
464 480 751 767
964 980 619 635
805 821 527 543
171 187 133 149
666 682 698 714
506 522 620 636
387 403 368 384
601 617 775 791
432 448 222 238
238 254 399 415
852 868 307 323
825 841 268 284
677 693 319 335
38 54 752 768
155 171 958 974
615 631 678 694
794 810 238 254
499 515 397 413
302 318 324 340
593 609 953 969
562 578 183 199
679 695 708 724
421 437 446 462
776 792 216 232
576 592 875 891
725 741 564 580
564 580 486 502
380 396 708 724
500 516 35 51
297 313 372 388
862 878 137 153
116 132 221 237
793 809 550 566
554 570 746 762
148 164 52 68
441 457 136 152
728 744 363 379
315 331 760 776
188 204 845 861
759 775 184 200
236 252 356 372
249 265 211 227
366 382 677 693
875 891 749 765
553 569 17 33
795 811 673 689
934 950 702 718
186 202 644 660
644 660 501 517
394 410 726 742
346 362 513 529
140 156 368 384
598 614 307 323
748 764 719 735
638 654 264 280
892 908 644 660
916 932 162 178
312 328 823 839
474 490 880 896
532 548 845 861
594 610 460 476
423 439 886 902
393 409 69 85
958 974 168 184
493 509 856 872
821 837 391 407
477 493 820 836
315 331 556 572
731 747 155 171
595 611 443 459
879 895 551 567
69 85 901 917
771 787 455 471
552 568 813 829
248 264 164 180
526 542 68 84
660 676 37 53
313 329 795 811
752 768 638 654
490 506 452 468
411 427 377 393
820 836 125 141
166 182 949 965
154 170 66 82
660 676 462 478
161 177 630 646
651 667 250 266
577 593 75 91
904 920 271 287
547 563 515 531
611 627 230 246
593 609 187 203
140 156 301 317
323 339 189 205
279 295 202 218
531 547 844 860
782 798 840 856
69 85 767 783
877 893 80 96
838 854 951 967
124 140 512 528
195 211 498 514
456 472 441 457
717 733 797 813
513 529 895 911
16 32 829 845
664 680 944 960
578 594 63 79
711 727 386 402
13 29 739 755
186 202 259 275
86 102 896 912
