946 962 186 202
819 835 614 630
55 71 819 835
566 582 78 94
698 714 879 895
391 407 444 460
160 176 339 355
331 347 788 804
262 278 915 931
271 287 423 439
566 582 309 325
132 148 777 793
335 351 122 138
534 550 87 103
356 372 509 525
887 903 797 813
849 865 96 112
685 701 91 107
844 860 419 435
588 604 168 184
874 890 139 155
769 785 290 306
81 97 13 29
799 815 612 628
494 510 641 657
116 132 113 129
116 132 220 236
830 846 681 697
609 625 48 64
465 481 740 756
636 652 51 67
50 66 214 230
381 397 488 504
593 609 815 831
358 374 453 469
454 470 92 108
492 508 98 114
801 817 423 439
495 511 541 557
163 179 557 573
874 890 910 926
663 679 620 636
45 61 322 338
440 456 63 79
335 351 831 847
279 295 910 926
21 37 818 834
108 124 168 184
934 950 466 482
296 312 313 329
160 176 961 977
950 966 967 983
225 241 487 503
826 842 588 604
351 367 759 775
263 279 33 49
904 920 247 263
881 897 940 956
506 522 509 525
192 208 456 472
142 158 806 822
139 155 384 400
384 400 553 569
840 856 494 510
207 223 457 473
447 463 469 485
356 372 63 79
643 659 185 201
70 86 306 322
458 474 565 581
638 654 399 415
421 437 760 776
767 783 711 727
632 648 59 75
428 444 807 823
37 53 200 216
831 847 18 34
965 981 483 499
836 852 75 91
155 171 423 439
134 150 974 990
800 816 187 203
777 793 198 214
698 714 550 566
52 68 908 924
426 442 536 552
466 482 511 527
673 689 862 878
208 224 694 710
652 668 99 115
623 639 495 511
53 69 25 41
760 776 34 50
120 136 184 200
561 577 738 754
565 581 218 234
271 287 350 366
123 139 585 601
785 801 23 39
697 713 729 745
145 161 306 322
866 882 662 678
90 106 628 644
928 944 33 49
204 220 435 451
964 980 717 733
927 943 878 894
393 409 870 886
169 185 778 794
924 940 749 765
186 202 410 426
275 291 115 131
867 883 949 965
519 535 301 317
587 603 512 528
123 139 155 171
863 879 921 937
555 571 743 759
714 730 937 953
784 800 123 139
657 673 245 261
555 571 916 932
217 233 244 260
394 410 75 91
905 921 939 955
664 680 75 91
584 600 645 661
59 75 604 620
26 42 105 121
256 272 836 852
697 713 242 258
393 409 544 560
808 824 868 884
770 786 479 495
512 528 255 271
557 573 555 571
24 40 183 199
330 346 828 844
455 471 642 658
717 733 876 892
752 768 477 493
892 908 179 195
893 909 244 260
467 483 429 445
345 361 695 711
459 475 279 295
96 112 854 870
967 983 556 572
48 64 892 908
478 494 586 602
604 620 318 334
82 98 269 285
651 667 944 960
25 41 267 283
97 113 498 514
787 803 788 804
892 908 61 77
654 670 685 701
368 384 526 542
681 697 687 703
724 740 498 514
104 120 801 817
704 720 599 615
29 45 832 848
387 403 490 506
427 443 270 286
73 89 145 161
79 95 846 862
703 719 761 777
886 902 349 365
663 679 973 989
908 924 441 457
213 229 259 275
658 674 361 377
746 762 517 533
498 514 584 600
959 975 305 321
882 898 879 895
308 324 851 867
708 724 46 62
479 495 488 504
698 714 43 59
351 367 216 232
798 814 311 327
394 410 508 524
562 578 841 857
939 955 692 708
494 510 843 859
425 441 364 380
267 283 145 161
907 923 927 943
93 109 406 422
155 171 67 83
555 571 753 769
309 325 673 689
925 941 191 207
966 982 814 830
114 130 149 165
320 336 626 642
248 264 165 181
948 964 958 974
286 302 161 177
299 315 789 805
580 596 970 986
966 982 632 648
537 553 14 30
572 588 767 783
772 788 837 853
686 702 239 255
204 220 827 843
467 483 766 782
798 814 450 466
56 72 480 496
546 562 198 214
682 698 172 188
596 612 559 575
952 968 551 567
846 862 483 499
205 221 655 671
464 480 398 414
151 167 96 112
544 560 936 952
469 485 44 60
120 136 456 472
261 277 158 174
197 213 344 360
453 469 378 394
960 976 113 129
342 358 148 164
307 323 740 756
754 770 712 728
287 303 442 458
143 159 825 841
107 123 956 972
512 528 673 689
918 934 430 446
536 552 940 956
409 425 126 142
362 378 602 618
690 706 85 101
885 901 17 33
925 941 437 453
112 128 807 823
907 923 855 871
933 949 216 232
317 333 503 519
381 397 914 930
215 231 752 768
195 211 174 190
214 230 874 890
413 429 466 482
374 390 273 289
122 138 706 722
613 629 971 987
612 628 584 600
512 528 513 529
531 547 784 800
310 326 559 575
139 155 384 400
886 902 469 485
334 350 113 129
532 548 117 133
858 874 865 881
425 441 457 473
366 382 93 109
150 166 805 821
47 63 771 787
649 665 149 165
808 824 331 347
955 971 101 117
314 330 634 650
124 140 840 856
849 865 610 626
914 930 704 720
693 709 823 839
490 506 774 790
784 800 388 404
904 920 587 603
618 634 581 597
39 55 384 400
20 36 747 763
160 176 517 533
162 178 804 820
180 196 253 269
151 167 164 180
426 442 168 184
333 349 623 639
710 726 48 64
334 350 385 401
162 178 13 29
641 657 406 422
634 650 906 922
760 776 687 703
579 595 407 423
243 259 780 796
608 624 512 528
460 476 963 979
92 108 721 737
626 642 736 752
663 679 859 875
39 55 433 449
943 959 538 554
583 599 634 650
556 572 510 526
800 816 141 157
49 65 433 449
13 29 807 823
922 938 391 407
353 369 939 955
802 818 749 765
212 228 363 379
864 880 400 416
545 561 41 57
908 924 452 468
21 37 102 118
485 501 818 834
462 478 772 788
428 444 74 90
392 408 443 459
96 112 371 387
641 657 502 518
724 740 179 195
692 708 732 748
68 84 797 813
669 685 726 742
310 326 422 438
779 795 580 596
92 108 651 667
807 823 360 376
802 818 552 568
452 468 721 737
712 728 528 544
653 669 660 676
974 990 921 937
21 37 355 371
463 479 410 426
85 101 590 606
71 87 331 347
772 788 50 66
111 127 158 174
869 885 908 924
562 578 876 892
58 74 209 225
797 813 565 581
585 601 824 840
152 168 610 626
386 402 708 724
858 874 34 50
61 77 837 853
404 420 303 319
166 182 408 424
191 207 964 980
655 671 607 623
233 249 86 102
256 272 845 861
385 401 520 536
157 173 715 731
552 568 502 518
38 54 335 351
843 859 65 81
543 559 252 268
565 581 549 565
253 269 740 756
321 337 30 46
99 115 446 462
806 822 844 860
884 900 66 82
90 106 888 904
180 196 373 389
438 454 524 540
730 746 112 128
503 519 647 663
32 48 302 318
433 449 783 799
55 71 189 205
182 198 572 588
405 421 461 477
838 854 443 459
615 631 920 936
819 835 420 436
52 68 420 436
147 163 12 28
223 239 164 180
818 834 590 606
577 593 674 690
439 455 528 544
406 422 530 546
974 990 551 567
878 894 336 352
537 553 858 874
707 723 584 600
19 35 830 846
586 602 429 445
202 218 794 810
410 426 270 286
243 259 174 190
779 795 904 920
271 287 793 809
597 613 597 613
346 362 247 263
554 570 226 242
490 506 952 968
621 637 800 816
361 377 216 232
170 186 162 178
591 607 822 838
403 419 111 127
799 815 201 217
435 451 134 150
898 914 331 347
490 506 797 813
792 808 782 798
87 103 227 243
34 50 846 862
940 956 291 307
98 114 39 55
549 565 28 44
961 977 149 165
527 543 726 742
697 713 676 692
106 122 118 134
919 935 549 565
626 642 947 963
580 596 176 192
37 53 933 949
798 814 492 508
533 549 43 59
412 428 653 669
62 78 561 577
306 322 556 572
617 633 52 68
511 527 794 810
840 856 468 484
404 420 308 324
507 523 678 694
63 79 19 35
32 48 892 908
685 701 26 42
485 501 598 614
497 513 632 648
91 107 861 877
969 985 877 893
959 975 671 687
583 599 63 79
111 127 716 732
493 509 304 320
951 967 535 551
966 982 535 551
326 342 47 63
145 161 509 525
419 435 160 176
485 501 705 721
520 536 888 904
835 851 101 117
475 491 429 445
123 139 448 464
974 990 37 53
20 36 772 788
77 93 632 648
363 379 600 616
759 775 224 240
162 178 656 672
508 524 237 253
793 809 28 44
230 246 153 169
302 318 162 178
61 77 295 311
138 154 333 349
587 603 697 713
798 814 276 292
564 580 119 135
127 143 636 652
456 472 648 664
611 627 394 410
394 410 873 889
767 783 462 478
42 58 445 461
748 764 588 604
420 436 250 266
440 456 853 869
349 365 370 386
649 665 937 953
933 949 703 719
799 815 570 586
524 540 755 771
414 430 11 27
641 657 38 54
540 556 599 615
14 30 415 431
909 925 630 646
355 371 122 138
781 797 526 542
768 784 458 474
34 50 906 922
662 678 539 555
510 526 625 641
298 314 933 949
189 205 431 447
877 893 346 362
878 894 956 972
23 39 281 297
102 118 69 85
906 922 491 507
935 951 78 94
311 327 896 912
558 574 577 593
211 227 583 599
32 48 647 663
140 156 349 365
968 984 692 708
36 52 855 871
449 465 15 31
718 734 574 590
592 608 586 602
298 314 521 537
667 683 372 388
640 656 548 564
786 802 676 692
349 365 554 570
940 956 511 527
642 658 479 495
685 701 237 253
121 137 518 534
23 39 838 854
737 753 501 517
220 236 74 90
206 222 311 327
837 853 220 236
816 832 513 529
445 461 382 398
153 169 378 394
779 795 294 310
575 591 145 161
491 507 18 34
276 292 44 60
949 965 520 536
34 50 90 106
868 884 735 751
304 320 577 593
700 716 742 758
742 758 89 105
832 848 180 196
917 933 464 480
632 648 513 529
579 595 975 991
711 727 928 944
30 46 725 741
585 601 167 183
926 942 704 720
737 753 159 175
9 25 460 476
50 66 462 478
156 172 454 470
600 616 486 502
611 627 95 111
657 673 208 224
964 980 21 37
870 886 282 298
72 88 214 230
529 545 110 126
234 250 674 690
772 788 242 258
431 447 912 928
972 988 242 258
732 748 307 323
238 254 362 378
681 697 690 706
499 515 847 863
230 246 488 504
219 235 100 116
530 546 918 934
722 738 463 479
619 635 280 296
389 405 268 284
820 836 114 130
862 878 108 124
77 93 857 873
584 600 857 873
572 588 777 793
577 593 783 799
574 590 286 302
420 436 147 163
89 105 633 649
796 812 814 830
807 823 702 718
856 872 153 169
563 579 477 493
315 331 87 103
378 394 118 134
570 586 80 96
20 36 867 883
184 200 799 815
627 643 658 674
441 457 409 425
228 244 701 717
445 461 612 628
305 321 787 803
886 902 371 387
480 496 462 478
673 689 150 166
485 501 304 320
713 729 904 920
199 215 472 488
222 238 841 857
562 578 103 119
16 32 327 343
705 721 703 719
775 791 314 330
421 437 134 150
544 560 454 470
501 517 927 943
86 102 82 98
159 175 473 489
281 297 202 218
475 491 479 495
506 522 967 983
820 836 669 685
333 349 305 321
681 697 765 781
747 763 338 354
181 197 152 168
431 447 688 704
633 649 255 271
332 348 363 379
333 349 15 31
480 496 806 822
873 889 438 454
327 343 698 714
906 922 666 682
782 798 209 225
875 891 373 389
562 578 45 61
603 619 93 109
655 671 927 943
301 317 687 703
639 655 401 417
77 93 140 156
635 651 309 325
136 152 533 549
701 717 853 869
365 381 54 70
21 37 930 946
686 702 682 698
718 734 666 682
773 789 62 78
501 517 764 780
264 280 654 670
92 108 970 986
188 204 485 501
892 908 493 509
875 891 34 50
222 238 623 639
474 490 536 552
250 266 889 905
645 661 838 854
900 916 415 431
17 33 451 467
645 661 626 642
48 64 949 965
324 340 99 115
952 968 392 408
958 974 796 812
955 971 888 904
857 873 663 679
171 187 279 295
424 440 467 483
411 427 667 683
65 81 442 458
75 91 108 124
279 295 487 503
521 537 263 279
249 265 27 43
592 608 414 430
237 253 531 547
254 270 886 902
73 89 431 447
204 220 53 69
611 627 90 106
156 172 768 784
107 123 482 498
788 804 517 533
841 857 286 302
397 413 543 559
780 796 679 695
706 722 227 243
80 96 929 945
181 197 405 421
215 231 683 699
511 527 284 300
20 36 799 815
470 486 331 347
231 247 78 94
682 698 862 878
501 517 254 270
260 276 890 906
950 966 454 470
457 473 674 690
539 555 745 761
32 48 800 816
459 475 619 635
604 620 410 426
63 79 413 429
432 448 40 56
274 290 969 985
683 699 248 264
332 348 844 860
646 662 312 328
561 577 577 593
489 505 844 860
459 475 114 130
63 79 891 907
259 275 68 84
767 783 29 45
732 748 164 180
948 964 831 847
743 759 330 346
681 697 400 416
738 754 810 826
135 151 540 556
752 768 553 569
883 899 324 340
608 624 221 237
906 922 357 373
868 884 450 466
104 120 833 849
732 748 62 78
32 48 489 505
469 485 593 609
548 564 972 988
127 143 560 576
410 426 862 878
939 955 574 590
661 677 932 948
101 117 301 317
763 779 636 652
676 692 356 372
55 71 857 873
516 532 771 787
176 192 299 315
356 372 405 421
240 256 609 625
323 339 209 225
959 975 98 114
95 111 275 291
447 463 505 521
273 289 849 865
15 31 864 880
882 898 252 268
408 424 209 225
537 553 911 927
374 390 70 86
681 697 790 806
609 625 782 798
626 642 927 943
691 707 443 459
724 740 23 39
252 268 140 156
646 662 286 302
721 737 721 737
314 330 881 897
142 158 740 756
134 150 218 234
854 870 98 114
892 908 245 261
744 760 203 219
262 278 112 128
773 789 595 611
499 515 690 706
122 138 294 310
664 680 757 773
767 783 425 441
435 451 711 727
416 432 592 608
105 121 688 704
411 427 108 124
17 33 152 168
838 854 898 914
27 43 637 653
415 431 103 119
192 208 395 411
617 633 224 240
104 120 181 197
56 72 898 914
591 607 727 743
624 640 222 238
543 559 167 183
890 906 748 764
90 106 837 853
298 314 476 492
63 79 614 630
549 565 57 73
224 240 599 615
472 488 880 896
122 138 831 847
520 536 586 602
161 177 886 902
260 276 168 184
454 470 787 803
849 865 554 570
317 333 347 363
18 34 177 193
26 42 286 302
362 378 134 150
961 977 416 432
120 136 827 843
313 329 801 817
324 340 92 108
360 376 322 338
54 70 888 904
128 144 331 347
394 410 182 198
365 381 191 207
953 969 548 564
588 604 823 839
371 387 920 936
805 821 347 363
212 228 60 76
936 952 88 104
283 299 386 402
443 459 226 242
81 97 32 48
217 233 890 906
85 101 359 375
708 724 441 457
231 247 18 34
690 706 677 693
297 313 121 137
329 345 169 185
196 212 439 455
698 714 820 836
93 109 706 722
582 598 65 81
390 406 900 916
511 527 547 563
289 305 610 626
658 674 439 455
941 957 69 85
352 368 572 588
572 588 701 717
428 444 635 651
548 564 254 270
897 913 868 884
352 368 740 756
830 846 534 550
646 662 34 50
128 144 153 169
69 85 437 453
900 916 956 972
647 663 9 25
767 783 63 79
544 560 195 211
140 156 81 97
512 528 53 69
788 804 315 331
121 137 723 739
761 777 712 728
567 583 138 154
561 577 719 735
261 277 282 298
494 510 885 901
475 491 584 600
498 514 235 251
925 941 658 674
699 715 20 36
197 213 16 32
11 27 434 450
60 76 672 688
805 821 167 183
695 711 93 109
363 379 277 293
725 741 158 174
702 718 258 274
60 76 633 649
790 806 247 263
937 953 139 155
618 634 25 41
116 132 366 382
791 807 381 397
69 85 902 918
84 100 743 759
26 42 814 830
237 253 590 606
647 663 114 130
195 211 30 46
454 470 145 161
320 336 154 170
499 515 170 186
545 561 54 70
433 449 228 244
509 525 283 299
793 809 187 203
558 574 330 346
195 211 27 43
747 763 580 596
12 28 20 36
744 760 637 653
45 61 541 557
805 821 299 315
863 879 706 722
81 97 35 51
462 478 131 147
926 942 278 294
585 601 833 849
387 403 832 848
736 752 679 695
757 773 872 888
823 839 603 619
53 69 17 33
483 499 470 486
459 475 191 207
131 147 379 395
281 297 514 530
950 966 848 864
460 476 192 208
176 192 767 783
435 451 836 852
391 407 419 435
950 966 430 446
876 892 949 965
50 66 826 842
656 672 947 963
287 303 710 726
386 402 818 834
920 936 448 464
536 552 249 265
61 77 328 344
313 329 682 698
878 894 419 435
375 391 207 223
533 549 423 439
779 795 137 153
943 959 185 201
506 522 531 547
311 327 664 680
545 561 442 458
176 192 825 841
120 136 123 139
593 609 816 832
583 599 359 375
574 590 192 208
57 73 545 561
23 39 950 966
971 987 113 129
120 136 363 379
775 791 728 744
419 435 466 482
759 775 256 272
939 955 366 382
138 154 93 109
377 393 62 78
174 190 62 78
469 485 216 232
687 703 737 753
958 974 483 499
284 300 114 130
418 434 232 248
752 768 688 704
339 355 345 361
362 378 741 757
690 706 757 773
322 338 278 294
325 341 594 610
950 966 101 117
816 832 732 748
776 792 528 544
815 831 633 649
280 296 545 561
107 123 724 740
245 261 954 970
718 734 744 760
780 796 517 533
421 437 477 493
922 938 49 65
258 274 170 186
395 411 366 382
637 653 148 164
601 617 552 568
846 862 533 549
128 144 505 521
958 974 48 64
157 173 327 343
35 51 707 723
583 599 710 726
802 818 419 435
21 37 836 852
218 234 534 550
823 839 857 873
820 836 455 471
387 403 82 98
939 955 190 206
228 244 115 131
442 458 16 32
816 832 276 292
532 548 904 920
832 848 190 206
91 107 68 84
441 457 710 726
945 961 460 476
828 844 442 458
222 238 93 109
172 188 899 915
445 461 308 324
695 711 736 752
380 396 876 892
707 723 285 301
112 128 23 39
518 534 270 286
472 488 473 489
63 79 230 246
741 757 130 146
819 835 258 274
398 414 738 754
431 447 753 769
840 856 766 782
368 384 50 66
930 946 368 384
930 946 414 430
637 653 807 823
446 462 639 655
291 307 409 425
291 307 682 698
397 413 544 560
906 922 78 94
691 707 164 180
149 165 266 282
701 717 172 188
834 850 587 603
248 264 616 632
857 873 532 548
60 76 161 177
349 365 494 510
771 787 636 652
199 215 483 499
19 35 724 740
233 249 765 781
724 740 185 201
157 173 303 319
727 743 124 140
688 704 103 119
769 785 738 754
659 675 602 618
661 677 389 405
917 933 660 676
964 980 262 278
617 633 285 301
834 850 779 795
128 144 246 262
568 584 510 526
39 55 821 837
251 267 461 477
609 625 174 190
751 767 263 279
864 880 311 327
45 61 499 515
860 876 920 936
300 316 180 196
467 483 250 266
186 202 73 89
219 235 768 784
235 251 923 939
693 709 217 233
845 861 348 364
528 544 540 556
609 625 308 324
690 706 447 463
416 432 228 244
410 426 771 787
268 284 672 688
576 592 301 317
440 456 227 243
849 865 944 960
103 119 269 285
562 578 957 973
704 720 917 933
339 355 250 266
430 446 457 473
257 273 383 399
871 887 684 700
864 880 211 227
952 968 178 194
289 305 708 724
846 862 828 844
907 923 365 381
707 723 15 31
402 418 164 180
85 101 120 136
465 481 444 460
213 229 704 720
507 523 361 377
184 200 472 488
518 534 297 313
833 849 935 951
484 500 219 235
877 893 401 417
915 931 299 315
449 465 909 925
383 399 628 644
829 845 204 220
822 838 975 991
944 960 898 914
745 761 907 923
501 517 191 207
65 81 347 363
618 634 372 388
657 673 668 684
680 696 178 194
77 93 221 237
535 551 680 696
452 468 828 844
940 956 812 828
622 638 166 182
18 34 215 231
197 213 223 239
750 766 156 172
646 662 866 882
72 88 447 463
467 483 443 459
773 789 802 818
19 35 372 388
577 593 39 55
608 624 407 423
766 782 624 640
959 975 661 677
934 950 942 958
773 789 595 611
609 625 560 576
539 555 46 62
490 506 793 809
788 804 502 518
823 839 960 976
889 905 923 939
20 36 932 948
498 514 441 457
313 329 471 487
115 131 149 165
48 64 63 79
134 150 745 761
36 52 692 708
427 443 318 334
880 896 232 248
492 508 930 946
447 463 332 348
437 453 21 37
761 777 435 451
824 840 106 122
117 133 730 746
638 654 692 708
228 244 945 961
523 539 48 64
843 859 717 733
436 452 312 328
651 667 357 373
634 650 527 543
301 317 483 499
629 645 557 573
13 29 378 394
644 660 375 391
198 214 462 478
76 92 358 374
15 31 442 458
166 182 196 212
592 608 798 814
768 784 667 683
212 228 738 754
456 472 204 220
331 347 160 176
495 511 939 955
915 931 579 595
129 145 33 49
947 963 365 381
946 962 340 356
835 851 534 550
372 388 167 183
692 708 211 227
658 674 853 869
58 74 394 410
192 208 540 556
103 119 853 869
851 867 756 772
621 637 734 750
153 169 137 153
289 305 866 882
907 923 934 950
357 373 236 252
138 154 652 668
958 974 362 378
876 892 396 412
304 320 622 638
237 253 498 514
627 643 424 440
559 575 335 351
858 874 739 755
681 697 381 397
827 843 196 212
260 276 857 873
758 774 68 84
506 522 833 849
347 363 875 891
465 481 808 824
350 366 381 397
572 588 743 759
373 389 282 298
758 774 617 633
69 85 471 487
584 600 529 545
830 846 377 393
705 721 589 605
758 774 262 278
554 570 593 609
415 431 746 762
733 749 369 385
404 420 444 460
954 970 919 935
684 700 55 71
896 912 380 396
578 594 483 499
63 79 469 485
94 110 921 937
535 551 725 741
691 707 653 669
660 676 72 88
506 522 218 234
682 698 427 443
868 884 538 554
641 657 310 326
81 97 719 735
383 399 969 985
613 629 156 172
782 798 580 596
626 642 498 514
157 173 439 455
366 382 756 772
132 148 863 879
740 756 783 799
710 726 41 57
913 929 813 829
531 547 717 733
85 101 764 780
666 682 30 46
829 845 870 886
662 678 438 454
188 204 414 430
635 651 583 599
385 401 461 477
670 686 100 116
31 47 667 683
428 444 813 829
116 132 870 886
43 59 690 706
199 215 341 357
482 498 739 755
751 767 714 730
11 27 485 501
255 271 65 81
145 161 312 328
140 156 492 508
567 583 162 178
554 570 310 326
225 241 277 293
436 452 566 582
139 155 511 527
727 743 735 751
168 184 297 313
847 863 44 60
489 505 132 148
558 574 272 288
508 524 865 881
973 989 963 979
322 338 368 384
299 315 367 383
901 917 390 406
524 540 870 886
49 65 566 582
417 433 375 391
500 516 664 680
31 47 317 333
258 274 693 709
744 760 588 604
289 305 894 910
320 336 320 336
213 229 33 49
172 188 228 244
378 394 388 404
433 449 165 181
952 968 624 640
549 565 268 284
520 536 531 547
611 627 487 503
284 300 967 983
883 899 569 585
104 120 514 530
46 62 283 299
521 537 114 130
650 666 697 713
333 349 681 697
178 194 102 118
684 700 597 613
901 917 338 354
283 299 358 374
961 977 323 339
74 90 710 726
867 883 281 297
43 59 704 720
179 195 467 483
411 427 574 590
427 443 681 697
575 591 456 472
937 953 755 771
344 360 743 759
230 246 827 843
433 449 438 454
873 889 355 371
945 961 131 147
599 615 638 654
592 608 374 390
835 851 937 953
903 919 658 674
718 734 964 980
309 325 376 392
832 848 965 981
418 434 314 330
721 737 151 167
127 143 975 991
949 965 514 530
69 85 872 888
812 828 395 411
754 770 131 147
737 753 397 413
283 299 38 54
778 794 711 727
481 497 262 278
228 244 478 494
701 717 899 915
757 773 460 476
915 931 478 494
599 615 774 790
830 846 973 989
754 770 186 202
106 122 858 874
510 526 820 836
480 496 340 356
840 856 668 684
587 603 193 209
905 921 192 208
410 426 315 331
166 182 818 834
50 66 348 364
81 97 872 888
727 743 254 270
204 220 175 191
18 34 326 342
719 735 968 984
353 369 127 143
180 196 884 900
895 911 732 748
941 957 346 362
723 739 836 852
325 341 350 366
712 728 418 434
568 584 911 927
749 765 647 663
181 197 641 657
88 104 672 688
509 525 18 34
44 60 423 439
650 666 255 271
680 696 408 424
947 963 118 134
36 52 887 903
144 160 451 467
560 576 859 875
635 651 775 791
952 968 304 320
924 940 975 991
343 359 485 501
835 851 486 502
729 745 611 627
724 740 188 204
241 257 528 544
871 887 451 467
421 437 637 653
575 591 631 647
315 331 479 495
623 639 862 878
376 392 627 643
931 947 257 273
260 276 39 55
809 825 830 846
328 344 150 166
387 403 561 577
681 697 245 261
869 885 755 771
137 153 869 885
199 215 513 529
520 536 974 990
750 766 22 38
600 616 269 285
503 519 485 501
465 481 767 783
748 764 484 500
379 395 738 754
848 864 437 453
925 941 798 814
952 968 574 590
763 779 151 167
310 326 649 665
299 315 454 470
969 985 629 645
767 783 354 370
782 798 12 28
807 823 214 230
454 470 396 412
944 960 211 227
356 372 206 222
216 232 68 84
24 40 414 430
358 374 399 415
699 715 827 843
718 734 576 592
775 791 149 165
84 100 695 711
830 846 204 220
923 939 708 724
415 431 597 613
779 795 611 627
513 529 898 914
321 337 117 133
725 741 464 480
703 719 796 812
44 60 754 770
936 952 436 452
464 480 585 601
658 674 380 396
969 985 211 227
470 486 733 749
717 733 906 922
166 182 708 724
433 449 31 47
938 954 348 364
315 331 291 307
284 300 323 339
302 318 16 32
869 885 895 911
904 920 421 437
962 978 689 705
99 115 445 461
467 483 405 421
910 926 794 810
419 435 829 845
438 454 27 43
576 592 748 764
607 623 690 706
477 493 460 476
313 329 118 134
325 341 767 783
114 130 675 691
497 513 39 55
29 45 268 284
388 404 532 548
361 377 915 931
802 818 593 609
710 726 465 481
192 208 309 325
966 982 272 288
230 246 233 249
487 503 377 393
452 468 114 130
464 480 491 507
923 939 954 970
458 474 163 179
469 485 257 273
707 723 217 233
573 589 581 597
135 151 190 206
196 212 229 245
676 692 348 364
86 102 917 933
325 341 842 858
924 940 841 857
795 811 352 368
734 750 493 509
465 481 349 365
539 555 393 409
63 79 207 223
636 652 738 754
600 616 68 84
883 899 526 542
202 218 451 467
198 214 615 631
343 359 515 531
786 802 794 810
790 806 510 526
676 692 407 423
370 386 928 944
308 324 957 973
422 438 878 894
187 203 639 655
865 881 806 822
88 104 108 124
41 57 725 741
639 655 961 977
827 843 591 607
693 709 337 353
580 596 58 74
186 202 532 548
270 286 778 794
767 783 380 396
371 387 839 855
711 727 836 852
727 743 624 640
403 419 155 171
442 458 123 139
838 854 278 294
713 729 632 648
761 777 856 872
842 858 181 197
207 223 585 601
89 105 575 591
328 344 702 718
781 797 926 942
792 808 484 500
194 210 661 677
496 512 549 565
188 204 919 935
200 216 56 72
869 885 748 764
178 194 360 376
745 761 512 528
89 105 719 735
971 987 90 106
910 926 413 429
494 510 20 36
309 325 610 626
220 236 758 774
120 136 35 51
31 47 122 138
710 726 534 550
260 276 500 516
440 456 543 559
504 520 891 907
29 45 170 186
235 251 605 621
714 730 157 173
177 193 954 970
956 972 526 542
668 684 71 87
460 476 912 928
642 658 190 206
527 543 502 518
258 274 561 577
820 836 334 350
951 967 444 460
495 511 182 198
946 962 638 654
237 253 110 126
827 843 956 972
66 82 573 589
421 437 652 668
522 538 278 294
420 436 426 442
939 955 172 188
932 948 399 415
531 547 269 285
826 842 393 409
424 440 680 696
889 905 354 370
506 522 286 302
132 148 352 368
588 604 391 407
225 241 293 309
727 743 234 250
957 973 822 838
953 969 513 529
445 461 969 985
41 57 823 839
650 666 699 715
738 754 631 647
433 449 496 512
886 902 135 151
324 340 45 61
204 220 834 850
200 216 318 334
611 627 577 593
344 360 885 901
876 892 347 363
848 864 767 783
844 860 504 520
169 185 880 896
59 75 777 793
688 704 55 71
544 560 106 122
708 724 234 250
202 218 799 815
872 888 105 121
765 781 105 121
862 878 810 826
588 604 946 962
926 942 400 416
378 394 184 200
767 783 948 964
903 919 149 165
345 361 257 273
427 443 658 674
655 671 662 678
422 438 336 352
903 919 862 878
971 987 836 852
567 583 888 904
419 435 198 214
106 122 616 632
535 551 952 968
912 928 402 418
863 879 785 801
57 73 399 415
536 552 56 72
780 796 669 685
323 339 358 374
461 477 962 978
521 537 571 587
557 573 856 872
915 931 16 32
82 98 139 155
318 334 756 772
314 330 459 475
162 178 702 718
809 825 825 841
854 870 974 990
344 360 372 388
31 47 413 429
689 705 939 955
904 920 634 650
590 606 541 557
433 449 732 748
769 785 11 27
859 875 181 197
459 475 790 806
313 329 454 470
478 494 242 258
396 412 692 708
427 443 638 654
264 280 503 519
361 377 481 497
343 359 806 822
433 449 374 390
22 38 32 48
64 80 386 402
680 696 545 561
238 254 592 608
866 882 659 675
237 253 98 114
36 52 872 888
827 843 844 860
146 162 679 695
806 822 76 92
666 682 427 443
833 849 280 296
219 235 81 97
819 835 481 497
815 831 827 843
187 203 424 440
94 110 462 478
274 290 851 867
598 614 44 60
20 36 432 448
956 972 261 277
818 834 173 189
483 499 290 306
598 614 825 841
392 408 179 195
920 936 651 667
167 183 22 38
615 631 673 689
38 54 564 580
650 666 661 677
970 986 639 655
503 519 798 814
211 227 401 417
626 642 549 565
821 837 929 945
460 476 342 358
884 900 364 380
482 498 248 264
697 713 33 49
675 691 277 293
791 807 555 571
952 968 62 78
40 56 780 796
968 984 712 728
895 911 510 526
333 349 62 78
258 274 483 499
552 568 633 649
830 846 601 617
269 285 33 49
824 840 634 650
140 156 552 568
514 530 336 352
619 635 191 207
376 392 850 866
626 642 775 791
367 383 622 638
861 877 281 297
104 120 488 504
304 320 821 837
292 308 448 464
263 279 342 358
604 620 653 669
496 512 472 488
398 414 102 118
200 216 837 853
645 661 674 690
15 31 386 402
291 307 291 307
449 465 127 143
233 249 261 277
434 450 147 163
797 813 532 548
829 845 521 537
374 390 918 934
440 456 750 766
296 312 739 755
91 107 370 386
912 928 450 466
680 696 447 463
531 547 77 93
94 110 838 854
772 788 674 690
871 887 722 738
511 527 713 729
314 330 781 797
505 521 862 878
447 463 431 447
235 251 347 363
865 881 127 143
126 142 128 144
607 623 588 604
445 461 664 680
867 883 240 256
87 103 111 127
522 538 458 474
212 228 789 805
390 406 299 315
668 684 559 575
504 520 123 139
393 409 83 99
511 527 664 680
681 697 745 761
832 848 956 972
118 134 794 810
218 234 321 337
284 300 732 748
302 318 556 572
657 673 285 301
271 287 421 437
914 930 743 759
904 920 846 862
789 805 735 751
732 748 104 120
670 686 658 674
159 175 511 527
538 554 455 471
274 290 359 375
723 739 694 710
166 182 369 385
246 262 644 660
603 619 614 630
667 683 914 930
746 762 430 446
239 255 706 722
742 758 500 516
875 891 863 879
372 388 570 586
896 912 737 753
562 578 809 825
613 629 738 754
81 97 803 819
222 238 296 312
30 46 661 677
512 528 565 581
508 524 798 814
523 539 514 530
456 472 297 313
683 699 620 636
532 548 252 268
799 815 606 622
44 60 262 278
733 749 405 421
293 309 601 617
816 832 106 122
544 560 615 631
238 254 580 596
685 701 715 731
546 562 385 401
259 275 715 731
124 140 323 339
878 894 386 402
64 80 859 875
290 306 564 580
921 937 409 425
151 167 959 975
274 290 876 892
158 174 650 666
771 787 903 919
641 657 575 591
227 243 698 714
