164 557 180 573
160 549 176 565
152 537 168 553
146 522 162 538
138 534 154 550
129 545 145 561
117 546 133 562
108 537 124 553
121 535 137 551
115 524 131 540
103 523 119 539
94 535 110 551
80 534 96 550
64 534 80 550
50 532 66 548
34 531 50 547
72 523 88 539
79 512 95 528
88 498 104 514
94 485 110 501
104 472 120 488
113 459 129 475
117 469 133 485
112 483 128 499
105 495 121 511
98 507 114 523
87 522 103 538
130 522 146 538
139 509 155 525
132 497 148 513
124 484 140 500
118 498 134 514
65 507 81 523
49 508 65 524
57 494 73 510
67 482 83 498
75 469 91 485
81 458 97 474
89 444 105 460
98 432 114 448
105 418 121 434
120 418 136 434
112 430 128 446
104 443 120 459
98 456 114 472
90 471 106 487
82 484 98 500
51 481 67 497
59 468 75 484
68 457 84 473
74 445 90 461
82 431 98 447
91 417 107 433
99 404 115 420
106 393 122 409
113 380 129 396
122 392 138 408
120 367 136 383
116 355 132 371
106 368 122 384
99 381 115 397
92 393 108 409
84 404 100 420
75 417 91 433
69 431 85 447
59 444 75 460
53 457 69 473
43 445 59 461
37 431 53 447
32 418 48 434
45 417 61 433
52 431 68 447
60 415 76 431
67 404 83 420
74 393 90 409
62 393 78 409
53 404 69 420
38 401 54 417
44 391 60 407
23 403 39 419
30 391 46 407
18 530 34 546
4 527 20 543
11 519 27 535
28 520 44 536
34 509 50 525
43 495 59 511
29 493 45 509
19 507 35 523
6 506 22 522
4 261 20 277
20 262 36 278
35 261 51 277
50 264 66 280
63 265 79 281
80 266 96 282
94 267 110 283
107 268 123 284
125 267 141 283
119 278 135 294
110 290 126 306
102 280 118 296
87 277 103 293
74 277 90 293
59 278 75 294
43 277 59 293
28 275 44 291
12 276 28 292
5 287 21 303
2 314 18 330
12 300 28 316
20 287 36 303
35 288 51 304
27 299 43 315
19 312 35 328
12 326 28 342
5 337 21 353
2 389 18 405
7 403 23 419
15 391 31 407
10 378 26 394
24 378 40 394
38 379 54 395
52 380 68 396
70 381 86 397
83 382 99 398
17 363 33 379
31 365 47 381
45 365 61 381
56 353 72 369
40 354 56 370
25 353 41 369
11 351 27 367
3 365 19 381
17 340 33 356
26 326 42 342
34 315 50 331
40 301 56 317
50 291 66 307
64 291 80 307
77 291 93 307
95 290 111 306
125 291 141 307
117 303 133 319
108 318 124 334
102 330 118 346
93 340 109 356
84 354 100 370
78 369 94 385
61 370 77 386
72 355 88 371
92 370 108 386
101 354 117 370
109 340 125 356
122 343 138 359
116 329 132 345
125 317 141 333
94 317 110 333
88 327 104 343
71 329 87 345
55 328 71 344
41 328 57 344
31 339 47 355
47 339 63 355
64 340 80 356
78 342 94 358
79 316 95 332
86 303 102 319
102 304 118 320
72 304 88 320
62 317 78 333
48 315 64 331
61 303 77 319
14 415 30 431
7 427 23 443
6 453 22 469
14 442 30 458
23 428 39 444
29 442 45 458
21 453 37 469
15 467 31 483
8 479 24 495
13 495 29 511
22 480 38 496
29 469 45 485
37 455 53 471
45 468 61 484
37 482 53 498
58 522 74 538
43 521 59 537
4 205 20 221
13 197 29 213
17 189 33 205
28 184 44 200
33 174 49 190
46 166 62 182
58 161 74 177
67 149 83 165
61 137 77 153
50 128 66 144
45 140 61 156
39 154 55 170
5 95 21 111
10 114 26 130
19 101 35 117
30 109 46 125
21 89 37 105
35 98 51 114
40 118 56 134
32 130 48 146
29 146 45 162
13 155 29 171
6 166 22 182
13 235 29 251
29 234 45 250
43 234 59 250
56 230 72 246
65 233 81 249
80 237 96 253
95 232 111 248
95 244 111 260
108 234 124 250
104 221 120 237
92 220 108 236
102 209 118 225
76 226 92 242
50 217 66 233
38 221 54 237
25 223 41 239
18 211 34 227
8 221 24 237
31 209 47 225
43 205 59 221
50 197 66 213
43 184 59 200
57 175 73 191
66 187 82 203
74 184 90 200
82 171 98 187
88 184 104 200
81 192 97 208
68 199 84 215
58 208 74 224
89 207 105 223
73 212 89 228
62 219 78 235
25 197 41 213
36 192 52 208
25 161 41 177
20 174 36 190
1 150 17 166
5 144 21 160
18 135 34 151
22 123 38 139
7 128 23 144
75 157 91 173
70 170 86 186
53 150 69 166
120 445 136 461
109 510 125 526
125 512 141 528
146 549 162 565
113 407 129 423
6 85 22 101
6 191 22 207
5 178 21 194
95 196 111 212
108 248 124 264
121 248 137 264
68 244 84 260
56 243 72 259
45 245 61 261
34 245 50 261
5 241 21 257
656 6 672 22
646 19 662 35
637 29 653 45
629 43 645 59
621 55 637 71
613 67 629 83
604 82 620 98
589 80 605 96
596 66 612 82
581 65 597 81
577 49 593 65
584 39 600 55
596 39 612 55
613 40 629 56
623 27 639 43
630 18 646 34
641 5 657 21
587 13 603 29
573 11 589 27
579 26 595 42
592 28 608 44
607 29 623 45
618 16 634 32
624 5 640 21
612 1 628 17
603 14 619 30
589 52 605 68
605 52 621 68
598 95 614 111
611 95 627 111
618 85 634 101
626 72 642 88
638 58 654 74
645 44 661 60
653 31 669 47
660 17 676 33
672 8 688 24
636 84 652 100
650 84 666 100
666 86 682 102
678 89 694 105
694 90 710 106
710 91 726 107
716 104 732 120
708 117 724 133
694 117 710 133
701 104 717 120
686 101 702 117
680 115 696 131
670 129 686 145
686 129 702 145
690 140 706 156
662 139 678 155
655 127 671 143
639 124 655 140
648 112 664 128
657 99 673 115
672 100 688 116
664 112 680 128
644 98 660 114
627 98 643 114
643 71 659 87
651 58 667 74
660 44 676 60
675 45 691 61
690 47 706 63
706 48 722 64
722 51 738 67
736 52 752 68
751 52 767 68
745 65 761 81
734 80 750 96
720 80 736 96
707 79 723 95
687 77 703 93
673 76 689 92
657 73 673 89
667 59 683 75
682 61 698 77
697 64 713 80
714 64 730 80
729 65 745 81
747 38 763 54
734 39 750 55
717 37 733 53
701 36 717 52
686 35 702 51
669 32 685 48
679 21 695 37
687 9 703 25
692 21 708 37
702 10 718 26
720 10 736 26
710 23 726 39
722 25 738 41
729 12 745 28
737 24 753 40
748 24 764 40
764 14 780 30
771 1 787 17
788 3 804 19
779 17 795 33
769 27 785 43
802 6 818 22
793 17 809 33
810 18 826 34
818 6 834 22
833 5 849 21
848 6 864 22
863 9 879 25
879 8 895 24
775 39 791 55
790 42 806 58
784 54 800 70
774 68 790 84
766 78 782 94
756 93 772 109
749 106 765 122
738 117 754 133
754 123 770 139
763 110 779 126
772 94 788 110
779 84 795 100
789 70 805 86
797 61 813 77
808 46 824 62
816 32 832 48
802 30 818 46
826 18 842 34
837 21 853 37
856 23 872 39
870 24 886 40
831 33 847 49
823 46 839 62
813 60 829 76
806 71 822 87
795 85 811 101
787 96 803 112
781 108 797 124
770 123 786 139
762 134 778 150
746 134 762 150
732 135 748 151
719 145 735 161
735 146 751 162
753 146 769 162
768 149 784 165
771 163 787 179
759 162 775 178
742 161 758 177
728 159 744 175
713 158 729 174
718 170 734 186
734 170 750 186
746 173 762 189
765 174 781 190
779 176 795 192
792 176 808 192
787 190 803 206
776 204 792 220
762 201 778 217
770 189 786 205
756 188 772 204
743 186 759 202
725 183 741 199
792 203 808 219
799 192 815 208
812 178 828 194
804 163 820 179
820 165 836 181
834 167 850 183
849 169 865 185
864 170 880 186
880 171 896 187
873 182 889 198
888 186 904 202
879 198 895 214
892 201 908 217
908 200 924 216
865 196 881 212
848 196 864 212
835 193 851 209
816 192 832 208
826 179 842 195
840 181 856 197
855 182 871 198
819 73 835 89
835 75 851 91
851 76 867 92
864 78 880 94
881 79 897 95
873 65 889 81
858 63 874 79
842 62 858 78
828 59 844 75
837 48 853 64
847 37 863 53
862 37 878 53
878 36 894 52
867 50 883 66
851 48 867 64
881 50 897 66
891 50 907 66
774 136 790 152
786 125 802 141
793 113 809 129
803 98 819 114
811 86 827 102
827 86 843 102
818 99 834 115
801 123 817 139
792 136 808 152
799 151 815 167
813 153 829 169
807 139 823 155
817 126 833 142
824 114 840 130
832 102 848 118
847 102 863 118
844 89 860 105
857 90 873 106
873 92 889 108
865 101 881 117
878 105 894 121
888 91 904 107
894 104 910 120
886 117 902 133
870 117 886 133
857 117 873 133
842 114 858 130
831 127 847 143
824 138 840 154
837 143 853 159
844 131 860 147
860 128 876 144
876 128 892 144
891 131 907 147
854 140 870 156
846 156 862 172
829 155 845 171
856 157 872 173
867 144 883 160
882 144 898 160
873 157 889 173
883 161 899 177
898 146 914 162
900 158 916 174
808 207 824 223
800 217 816 233
790 228 806 244
804 231 820 247
814 221 830 237
822 208 838 224
837 209 853 225
831 219 847 235
822 231 838 247
834 236 850 252
844 224 860 240
854 207 870 223
867 211 883 227
860 221 876 237
875 227 891 243
883 211 899 227
897 211 913 227
891 225 907 241
883 236 899 252
876 251 892 267
859 248 875 264
851 262 867 278
868 236 884 252
850 235 866 251
843 248 859 264
829 245 845 261
813 242 829 258
898 242 914 258
912 241 928 257
907 224 923 240
902 251 918 267
896 265 912 281
881 264 897 280
907 269 923 285
919 269 935 285
900 279 916 295
883 275 899 291
913 278 929 294
921 286 937 302
929 279 945 295
926 262 942 278
919 252 935 268
909 213 925 229
903 183 919 199
694 181 710 197
702 195 718 211
707 187 723 203
716 197 732 213
707 210 723 226
722 212 738 228
731 200 747 216
739 211 755 227
731 225 747 241
723 238 739 254
714 222 730 238
727 255 743 271
736 239 752 255
743 229 759 245
751 216 767 232
752 241 768 257
743 251 759 267
735 264 751 280
739 278 755 294
754 280 770 296
771 280 787 296
787 284 803 300
793 271 809 287
805 257 821 273
811 272 827 288
821 257 837 273
802 285 818 301
819 285 835 301
824 271 840 287
839 273 855 289
835 287 851 303
859 285 875 301
852 276 868 292
773 255 789 271
765 268 781 284
750 265 766 281
757 255 773 271
768 241 784 257
779 242 795 258
794 241 810 257
759 227 775 243
769 214 785 230
335 286 351 302
342 302 358 318
349 311 365 327
357 326 373 342
363 337 379 353
369 352 385 368
376 363 392 379
385 375 401 391
351 287 367 303
360 279 376 295
357 300 373 316
368 286 384 302
379 288 395 304
388 280 404 296
403 281 419 297
394 291 410 307
387 301 403 317
374 300 390 316
364 312 380 328
379 315 395 331
393 315 409 331
399 303 415 319
409 290 425 306
416 281 432 297
433 281 449 297
423 290 439 306
414 302 430 318
408 316 424 332
402 327 418 343
387 327 403 343
373 326 389 342
379 339 395 355
392 341 408 357
386 353 402 369
393 366 409 382
400 378 416 394
394 389 410 405
408 368 424 384
401 353 417 369
409 341 425 357
416 327 432 343
422 315 438 331
429 305 445 321
435 291 451 307
445 303 461 319
451 291 467 307
466 291 482 307
459 304 475 320
451 316 467 332
445 329 461 345
436 341 452 357
422 342 438 358
430 328 446 344
437 317 453 333
417 353 433 369
422 367 438 383
430 354 446 370
437 366 453 382
444 354 460 370
452 343 468 359
458 330 474 346
465 319 481 335
475 305 491 321
481 292 497 308
493 292 509 308
404 400 420 416
407 391 423 407
413 378 429 394
412 405 428 421
420 392 436 408
429 379 445 395
422 416 438 432
428 404 444 420
435 391 451 407
443 381 459 397
450 368 466 384
460 355 476 371
467 342 483 358
473 329 489 345
489 329 505 345
481 343 497 359
474 354 490 370
465 368 481 384
459 380 475 396
451 393 467 409
443 404 459 420
435 418 451 434
430 427 446 443
441 432 457 448
450 418 466 434
458 408 474 424
465 393 481 409
478 393 494 409
473 407 489 423
464 419 480 435
458 430 474 446
448 445 464 461
457 454 473 470
464 443 480 459
469 432 485 448
478 419 494 435
486 406 502 422
494 395 510 411
507 395 523 411
516 383 532 399
500 382 516 398
486 382 502 398
479 368 495 384
487 356 503 372
495 344 511 360
500 355 516 371
508 369 524 385
523 370 539 386
514 357 530 373
510 345 526 361
523 344 539 360
532 357 548 373
539 344 555 360
530 383 546 399
545 383 561 399
551 372 567 388
536 370 552 386
565 370 581 386
580 371 596 387
597 373 613 389
609 373 625 389
623 373 639 389
636 373 652 389
652 374 668 390
646 389 662 405
662 388 678 404
654 403 670 419
646 415 662 431
638 427 654 443
632 438 648 454
623 450 639 466
616 463 632 479
592 475 608 491
603 464 619 480
594 466 610 482
595 450 611 466
580 449 596 465
565 448 581 464
560 459 576 475
571 461 587 477
585 461 601 477
544 459 560 475
551 447 567 463
546 435 562 451
537 445 553 461
529 459 545 475
515 459 531 475
499 458 515 474
485 459 501 475
470 456 486 472
479 445 495 461
484 433 500 449
491 420 507 436
501 407 517 423
514 407 530 423
507 420 523 436
500 433 516 449
492 445 508 461
502 445 518 461
512 432 528 448
520 422 536 438
530 406 546 422
536 397 552 413
522 395 538 411
549 394 565 410
544 408 560 424
537 421 553 437
529 434 545 450
523 446 539 462
550 422 566 438
557 408 573 424
563 396 579 412
561 385 577 401
574 386 590 402
587 386 603 402
580 396 596 412
605 382 621 398
597 396 613 412
588 408 604 424
600 411 616 427
596 422 612 438
589 434 605 450
572 433 588 449
580 421 596 437
566 419 582 435
557 434 573 450
601 439 617 455
617 439 633 455
625 427 641 443
609 427 625 443
616 412 632 428
630 414 646 430
639 400 655 416
623 400 639 416
608 397 624 413
617 385 633 401
633 385 649 401
481 317 497 333
489 304 505 320
508 292 524 308
504 304 520 320
495 319 511 335
510 319 526 335
501 331 517 347
515 333 531 349
522 319 538 335
533 305 549 321
539 294 555 310
522 294 538 310
515 307 531 323
552 294 568 310
546 306 562 322
539 317 555 333
531 333 547 349
546 333 562 349
554 322 570 338
561 307 577 323
567 294 583 310
582 295 598 311
574 309 590 325
589 310 605 326
583 322 599 338
568 321 584 337
560 334 576 350
575 332 591 348
568 345 584 361
554 345 570 361
544 358 560 374
560 358 576 374
574 358 590 374
582 347 598 363
588 357 604 373
597 347 613 363
588 335 604 351
597 322 613 338
605 335 621 351
611 347 627 363
619 362 635 378
603 360 619 376
631 362 647 378
646 362 662 378
626 349 642 365
618 335 634 351
611 323 627 339
618 312 634 328
613 296 629 312
603 310 619 326
626 296 642 312
639 298 655 314
659 299 675 315
647 313 663 329
632 311 648 327
640 322 656 338
624 324 640 340
634 335 650 351
640 349 656 365
649 335 665 351
655 350 671 366
663 361 679 377
597 296 613 312
670 299 686 315
683 301 699 317
699 301 715 317
713 300 729 316
728 302 744 318
743 303 759 319
754 291 770 307
758 305 774 321
766 295 782 311
783 297 799 313
773 307 789 323
765 318 781 334
752 319 768 335
738 317 754 333
722 315 738 331
709 315 725 331
692 317 708 333
680 315 696 331
609 450 625 466
630 463 646 479
620 474 636 490
638 450 654 466
645 438 661 454
659 439 675 455
667 401 683 417
674 392 690 408
662 414 678 430
652 428 668 444
666 426 682 442
672 417 688 433
682 404 698 420
688 391 704 407
683 376 699 392
700 377 716 393
690 363 706 379
705 362 721 378
714 350 730 366
720 341 736 357
726 329 742 345
736 341 752 357
742 327 758 343
755 330 771 346
749 339 765 355
706 340 722 356
712 326 728 342
691 338 707 354
661 338 677 354
669 325 685 341
685 326 701 342
655 323 671 339
676 339 692 355
669 352 685 368
686 351 702 367
698 351 714 367
729 351 745 367
720 365 736 381
712 376 728 392
706 390 722 406
696 403 712 419
690 416 706 432
682 429 698 445
677 438 693 454
669 452 685 468
637 476 653 492
645 465 661 481
652 452 668 468
660 462 676 478
652 476 668 492
665 476 681 492
672 464 688 480
682 476 698 492
688 461 704 477
697 453 713 469
682 452 698 468
689 440 705 456
701 439 717 455
718 440 734 456
731 441 747 457
744 442 760 458
761 441 777 457
774 442 790 458
789 442 805 458
800 441 816 457
795 430 811 446
784 431 800 447
767 432 783 448
755 431 771 447
740 430 756 446
733 413 749 429
746 416 762 432
760 416 776 432
775 416 791 432
788 417 804 433
780 402 796 418
770 404 786 420
775 390 791 406
710 402 726 418
718 389 734 405
732 390 748 406
725 379 741 395
734 367 750 383
746 368 762 384
741 352 757 368
757 353 773 369
770 357 786 373
783 354 799 370
793 342 809 358
800 331 816 347
785 331 801 347
805 319 821 335
815 308 831 324
697 426 713 442
703 415 719 431
713 432 729 448
717 414 733 430
724 402 740 418
748 391 764 407
738 403 754 419
752 403 768 419
760 391 776 407
755 377 771 393
740 378 756 394
770 379 786 395
777 367 793 383
762 366 778 382
792 366 808 382
784 380 800 396
790 392 806 408
797 404 813 420
805 418 821 434
811 431 827 447
818 443 834 459
826 458 842 474
832 471 848 487
838 482 854 498
847 493 863 509
808 454 824 470
815 467 831 483
805 468 821 484
789 468 805 484
798 456 814 472
783 455 799 471
769 455 785 471
774 466 790 482
769 477 785 493
759 492 775 508
744 490 760 506
738 477 754 493
745 468 761 484
731 466 747 482
720 468 736 484
704 466 720 482
696 478 712 494
709 479 725 495
723 479 739 495
730 492 746 508
716 490 732 506
773 493 789 509
779 481 795 497
754 478 770 494
760 467 776 483
752 455 768 471
738 457 754 473
725 454 741 470
727 429 743 445
796 481 812 497
787 495 803 511
811 480 827 496
805 494 821 510
816 488 832 504
778 341 794 357
768 330 784 346
777 319 793 335
785 308 801 324
801 307 817 323
796 295 812 311
811 296 827 312
793 317 809 333
814 330 830 346
808 344 824 360
799 356 815 372
815 355 831 371
808 367 824 383
813 381 829 397
798 381 814 397
804 391 820 407
812 404 828 420
818 396 834 412
826 404 842 420
820 416 836 432
825 431 841 447
834 417 850 433
842 408 858 424
834 446 850 462
840 432 856 448
847 420 863 436
856 409 872 425
839 458 855 474
847 469 863 485
853 480 869 496
860 494 876 510
875 496 891 512
869 484 885 500
860 472 876 488
869 459 885 475
876 447 892 463
890 448 906 464
905 448 921 464
899 461 915 477
885 485 901 501
890 497 906 513
934 499 950 515
927 486 943 502
920 473 936 489
935 473 951 489
940 486 956 502
949 499 965 515
957 487 973 503
971 488 987 504
963 498 979 514
965 475 981 491
950 474 966 490
936 448 952 464
923 449 939 465
914 435 930 451
931 434 947 450
925 420 941 436
908 422 924 438
899 407 915 423
887 408 903 424
878 420 894 436
870 408 886 424
929 462 945 478
943 463 959 479
957 465 973 481
966 451 982 467
954 450 970 466
944 435 960 451
951 421 967 437
958 410 974 426
966 422 982 438
959 436 975 452
969 438 985 454
939 423 955 439
931 410 947 426
917 409 933 425
907 396 923 412
901 383 917 399
894 372 910 388
882 370 898 386
865 370 881 386
852 370 868 386
836 368 852 384
843 357 859 373
831 356 847 372
822 367 838 383
842 384 858 400
855 384 871 400
871 384 887 400
879 395 895 411
865 396 881 412
850 395 866 411
829 381 845 397
836 395 852 411
855 433 871 449
870 433 886 449
884 433 900 449
902 435 918 451
892 424 908 440
894 395 910 411
886 383 902 399
904 359 920 375
888 359 904 375
896 346 912 362
904 335 920 351
912 324 928 340
920 312 936 328
927 300 943 316
938 301 954 317
935 309 951 325
946 312 962 328
941 322 957 338
926 323 942 339
850 288 866 304
825 297 841 313
841 296 857 312
857 296 873 312
868 298 884 314
882 297 898 313
896 296 912 312
915 296 931 312
906 307 922 323
898 322 914 338
891 334 907 350
882 346 898 362
869 346 885 362
851 345 867 361
840 346 856 362
822 344 838 360
822 319 838 335
827 308 843 324
844 308 860 324
837 322 853 338
832 332 848 348
845 333 861 349
852 322 868 338
871 308 887 324
865 319 881 335
859 331 875 347
874 333 890 349
892 307 908 323
884 319 900 335
858 309 874 325
934 337 950 353
942 350 958 366
947 360 963 376
953 376 969 392
960 362 976 378
963 386 979 402
951 399 967 415
963 399 979 415
939 396 955 412
948 386 964 402
932 384 948 400
916 385 932 401
909 372 925 388
934 359 950 375
924 373 940 389
939 373 955 389
919 360 935 376
910 346 926 362
927 348 943 364
917 335 933 351
955 345 971 361
898 485 914 501
916 483 932 499
901 497 917 513
921 495 937 511
912 495 928 511
890 472 906 488
907 474 923 490
876 473 892 489
884 461 900 477
853 456 869 472
861 445 877 461
846 445 862 461
863 421 879 437
915 460 931 476
921 396 937 412
946 409 962 425
710 453 726 469
495 367 511 383
674 363 690 379
669 376 685 392
664 310 680 326
699 327 715 343
764 340 780 356
780 268 796 284
789 255 805 271
867 262 883 278
895 171 911 187
883 26 899 42
895 61 911 77
883 61 899 77
701 489 717 505
579 474 595 490
608 477 624 493
376 280 392 296
675 142 691 158
683 151 699 167
618 108 634 124
633 110 649 126
725 92 741 108
700 131 716 147
808 112 824 128
783 216 799 232
785 29 801 45
888 252 904 268
777 230 793 246
860 358 876 374
874 359 890 375
963 375 979 391
572 410 588 426
1100 583 1116 599
1110 580 1126 596
1124 575 1140 591
1138 583 1154 599
1152 581 1168 597
1160 572 1176 588
1145 566 1161 582
1152 558 1168 574
1160 545 1176 561
1169 533 1185 549
1176 525 1192 541
1178 546 1194 562
1169 556 1185 572
1140 557 1156 573
1126 557 1142 573
1109 555 1125 571
1132 547 1148 563
1142 532 1158 548
1155 533 1171 549
1160 524 1176 540
1132 526 1148 542
1117 542 1133 558
1125 532 1141 548
1111 532 1127 548
1104 540 1120 556
1095 554 1111 570
1090 567 1106 583
1076 566 1092 582
1081 554 1097 570
1088 541 1104 557
1097 530 1113 546
1065 580 1081 596
1050 581 1066 597
1059 565 1075 581
1066 555 1082 571
1075 543 1091 559
1084 528 1100 544
1081 580 1097 596
1020 581 1036 597
1028 567 1044 583
1037 556 1053 572
1043 542 1059 558
1053 526 1069 542
1038 527 1054 543
1031 541 1047 557
1023 553 1039 569
1014 565 1030 581
1007 577 1023 593
976 579 992 595
983 567 999 583
991 554 1007 570
1000 540 1016 556
1006 527 1022 543
1022 526 1038 542
1014 539 1030 555
1008 552 1024 568
1000 566 1016 582
991 578 1007 594
971 565 987 581
978 553 994 569
985 540 1001 556
993 528 1009 544
961 552 977 568
957 538 973 554
950 524 966 540
964 525 980 541
969 537 985 553
979 525 995 541
956 563 972 579
950 551 966 567
942 539 958 555
935 524 951 540
929 513 945 529
926 539 942 555
910 537 926 553
918 549 934 565
918 578 934 594
940 562 956 578
933 553 949 569
948 577 964 593
963 576 979 592
912 515 928 531
899 514 915 530
886 512 902 528
869 510 885 526
854 512 870 528
836 510 852 526
826 509 842 525
830 521 846 537
839 532 855 548
845 546 861 562
853 559 869 575
858 573 874 589
888 574 904 590
897 562 913 578
911 561 927 577
905 548 921 564
898 536 914 552
882 536 898 552
870 534 886 550
854 534 870 550
859 547 875 563
868 560 884 576
874 572 890 588
881 562 897 578
889 548 905 564
875 547 891 563
846 521 862 537
860 523 876 539
875 521 891 537
889 523 905 539
817 520 833 536
821 533 837 549
831 545 847 561
839 557 855 573
845 572 861 588
829 573 845 589
815 573 831 589
799 573 815 589
808 557 824 573
816 545 832 561
822 560 838 576
792 559 808 575
808 533 824 549
801 520 817 536
810 509 826 525
795 507 811 523
781 508 797 524
787 518 803 534
779 533 795 549
771 545 787 561
765 555 781 571
744 543 760 559
738 530 754 546
732 519 748 535
742 506 758 522
722 507 738 523
745 519 761 535
754 508 770 524
759 519 775 535
752 531 768 547
757 545 773 561
764 530 780 546
773 518 789 534
769 508 785 524
763 582 779 598
771 569 787 585
796 533 812 549
662 580 678 596
670 568 686 584
679 553 695 569
685 540 701 556
693 528 709 544
700 516 716 532
710 505 726 521
694 503 710 519
686 517 702 533
679 528 695 544
673 514 689 530
682 502 698 518
658 515 674 531
651 501 667 517
658 493 674 509
666 502 682 518
637 501 653 517
646 491 662 507
630 490 646 506
619 489 635 505
620 502 636 518
627 513 643 529
642 515 658 531
699 542 715 558
706 529 722 545
714 518 730 534
722 531 738 547
715 543 731 559
730 544 746 560
707 557 723 573
692 554 708 570
685 567 701 583
679 578 695 594
692 579 708 595
699 568 715 584
722 556 738 572
737 556 753 572
713 569 729 585
730 569 746 585
742 570 758 586
264 581 280 597
