145 575 161 591
145 559 161 575
144 545 160 561
144 531 160 547
146 515 162 531
145 499 161 515
146 484 162 500
146 468 162 484
148 450 164 466
160 444 176 460
173 437 189 453
187 431 203 447
200 421 216 437
199 407 215 423
211 401 227 417
212 383 228 399
227 379 243 395
240 370 256 386
253 362 269 378
265 354 281 370
16 405 32 421
28 399 44 415
41 389 57 405
16 420 32 436
28 414 44 430
42 408 58 424
53 400 69 416
70 391 86 407
71 378 87 394
83 372 99 388
96 361 112 377
108 353 124 369
111 370 127 386
123 359 139 375
134 355 150 371
150 346 166 362
136 337 152 353
151 330 167 346
149 319 165 335
161 323 177 339
175 316 191 332
187 310 203 326
201 302 217 318
214 293 230 309
229 285 245 301
175 300 191 316
177 288 193 304
175 273 191 289
164 279 180 295
138 293 154 309
125 302 141 318
123 288 139 304
137 278 153 294
164 263 180 279
176 257 192 273
201 254 217 270
214 247 230 263
216 266 232 282
203 274 219 290
187 280 203 296
189 265 205 281
190 294 206 310
198 288 214 304
214 279 230 295
164 248 180 264
164 233 180 249
163 220 179 236
162 204 178 220
163 187 179 203
176 193 192 209
193 200 209 216
179 210 195 226
177 223 193 239
191 217 207 233
190 233 206 249
204 213 220 229
149 227 165 243
151 241 167 257
151 254 167 270
134 401 150 417
148 394 164 410
162 383 178 399
177 378 193 394
186 370 202 386
199 362 215 378
213 355 229 371
230 346 246 362
238 355 254 371
252 349 268 365
254 331 270 347
252 314 268 330
241 326 257 342
240 310 256 326
226 316 242 332
228 301 244 317
244 292 260 308
216 310 232 326
202 316 218 332
189 323 205 339
187 337 203 353
188 355 204 371
200 345 216 361
216 325 232 341
175 364 191 380
149 378 165 394
137 386 153 402
122 392 138 408
108 400 124 416
110 385 126 401
124 377 140 393
149 359 165 375
159 354 175 370
176 350 192 366
163 339 179 355
163 293 179 309
148 285 164 301
147 302 163 318
137 269 153 285
160 462 176 478
171 453 187 469
187 443 203 459
201 436 217 452
210 431 226 447
212 415 228 431
224 409 240 425
238 401 254 417
239 387 255 403
252 379 268 395
264 370 280 386
226 396 242 412
255 394 271 410
250 409 266 425
239 418 255 434
227 424 243 440
229 441 245 457
223 453 239 469
201 453 217 469
187 461 203 477
185 475 201 491
198 482 214 498
199 470 215 486
186 491 202 507
174 498 190 514
158 508 174 524
160 491 176 507
184 506 200 522
171 511 187 527
157 521 173 537
158 536 174 552
158 551 174 567
158 567 174 583
118 573 134 589
116 558 132 574
131 567 147 583
131 580 147 596
81 581 97 597
95 571 111 587
80 563 96 579
64 572 80 588
54 547 70 563
106 576 122 592
93 541 109 557
94 528 110 544
92 513 108 529
94 499 110 515
94 483 110 499
97 467 113 483
96 453 112 469
96 439 112 455
97 423 113 439
83 428 99 444
67 439 83 455
56 446 72 462
41 449 57 465
43 436 59 452
29 444 45 460
10 453 26 469
29 426 45 442
57 430 73 446
68 421 84 437
69 407 85 423
57 415 73 431
83 412 99 428
82 396 98 412
84 442 100 458
70 451 86 467
56 457 72 473
66 468 82 484
79 461 95 477
108 463 124 479
84 475 100 491
69 482 85 498
82 490 98 506
81 503 97 519
82 516 98 532
67 495 83 511
107 492 123 508
118 483 134 499
130 477 146 493
131 489 147 505
131 505 147 521
118 514 134 530
115 529 131 545
132 534 148 550
107 547 123 563
130 522 146 538
120 466 136 482
109 475 125 491
134 460 150 476
135 442 151 458
109 444 125 460
137 415 153 431
147 407 163 423
159 400 175 416
174 407 190 423
173 421 189 437
189 414 205 430
161 431 177 447
161 418 177 434
186 383 202 399
199 376 215 392
216 369 232 385
201 392 217 408
228 366 244 382
215 339 231 355
119 453 135 469
134 427 150 443
110 415 126 431
58 367 74 383
57 352 73 368
41 359 57 375
69 344 85 360
83 336 99 352
98 330 114 346
111 337 127 353
124 330 140 346
107 433 123 449
120 434 136 450
10 48 26 64
27 39 43 55
24 25 40 41
10 32 26 48
9 62 25 78
22 70 38 86
38 64 54 80
50 55 66 71
49 71 65 87
37 80 53 96
21 86 37 102
63 63 79 79
64 77 80 93
52 84 68 100
47 100 63 116
36 107 52 123
35 93 51 109
22 114 38 130
9 108 25 124
3 305 19 321
17 314 33 330
32 308 48 324
31 289 47 305
45 282 61 298
57 275 73 291
69 269 85 285
84 262 100 278
99 255 115 271
111 249 127 265
112 234 128 250
125 224 141 240
125 236 141 252
135 244 151 260
112 216 128 232
112 201 128 217
111 186 127 202
125 175 141 191
125 194 141 210
140 185 156 201
141 200 157 216
102 174 118 190
86 172 102 188
74 162 90 178
59 152 75 168
61 139 77 155
72 145 88 161
46 129 62 145
45 146 61 162
38 155 54 171
23 146 39 162
49 163 65 179
60 170 76 186
74 179 90 195
86 185 102 201
98 195 114 211
98 208 114 224
87 214 103 230
72 222 88 238
73 208 89 224
73 194 89 210
59 201 75 217
46 207 62 223
34 215 50 231
34 201 50 217
19 194 35 210
22 176 38 192
6 184 22 200
7 167 23 183
7 155 23 171
8 140 24 156
32 122 48 138
23 100 39 116
8 80 24 96
8 92 24 108
8 125 24 141
86 201 102 217
5 366 21 382
72 284 88 300
58 300 74 316
71 307 87 323
60 315 76 331
60 325 76 341
34 321 50 337
16 329 32 345
33 335 49 351
19 372 35 388
17 358 33 374
15 345 31 361
3 380 19 396
42 423 58 439
4 546 20 562
4 487 20 503
13 482 29 498
27 473 43 489
2 503 18 519
13 497 29 513
15 570 31 586
15 556 31 572
26 551 42 567
28 536 44 552
45 525 61 541
38 541 54 557
30 519 46 535
29 502 45 518
43 497 59 513
15 508 31 524
30 562 46 578
29 575 45 591
1 517 17 533
15 525 31 541
29 485 45 501
45 476 61 492
57 476 73 492
56 486 72 502
8 214 24 230
18 209 34 225
20 221 36 237
20 236 36 252
6 246 22 262
6 259 22 275
18 251 34 267
19 283 35 299
2 277 18 293
17 266 33 282
33 262 49 278
34 248 50 264
44 239 60 255
49 221 65 237
32 229 48 245
60 247 76 263
71 238 87 254
85 231 101 247
98 224 114 240
48 269 64 285
58 261 74 277
70 254 86 270
84 246 100 262
100 240 116 256
38 33 54 49
39 18 55 34
25 12 41 28
50 37 66 53
37 48 53 64
23 56 39 72
21 160 37 176
35 183 51 199
61 187 77 203
96 405 112 421
142 261 158 277
84 275 100 291
97 268 113 284
114 260 130 276
122 211 138 227
204 225 220 241
5 230 21 246
149 179 165 195
176 241 192 257
277 364 293 380
227 253 243 269
229 270 245 286
175 332 191 348
161 368 177 384
265 386 281 402
248 423 264 439
237 432 253 448
222 439 238 455
209 461 225 477
208 477 224 493
171 470 187 486
149 423 165 439
173 394 189 410
17 436 33 452
46 509 62 525
71 359 87 375
84 353 100 369
84 385 100 401
108 507 124 523
105 522 121 538
120 497 136 513
122 412 138 428
158 476 174 492
125 316 141 332
134 369 150 385
188 248 204 264
2 532 18 548
120 543 136 559
132 551 148 567
627 3 643 19
612 10 628 26
624 21 640 37
637 12 653 28
650 4 666 20
626 32 642 48
626 48 642 64
650 20 666 36
665 12 681 28
678 3 694 19
733 5 749 21
745 13 761 29
729 21 745 37
719 29 735 45
706 21 722 37
691 12 707 28
680 19 696 35
678 34 694 50
692 28 708 44
689 43 705 59
677 50 693 66
666 41 682 57
652 49 668 65
639 56 655 72
637 71 653 87
638 87 654 103
651 81 667 97
653 93 669 109
663 88 679 104
651 109 667 125
663 104 679 120
675 99 691 115
702 81 718 97
704 64 720 80
715 57 731 73
730 51 746 67
744 45 760 61
757 37 773 53
771 29 787 45
785 20 801 36
785 5 801 21
759 5 775 21
773 12 789 28
759 19 775 35
745 28 761 44
732 35 748 51
716 43 732 59
690 57 706 73
679 65 695 81
665 72 681 88
664 59 680 75
688 89 704 105
691 74 707 90
679 79 695 95
716 75 732 91
729 67 745 83
744 59 760 75
756 51 772 67
769 44 785 60
785 35 801 51
798 43 814 59
785 50 801 66
797 59 813 75
809 66 825 82
770 60 786 76
758 67 774 83
742 74 758 90
732 81 748 97
716 87 732 103
704 96 720 112
690 104 706 120
677 111 693 127
663 117 679 133
663 132 679 148
663 149 679 165
676 140 692 156
676 127 692 143
689 118 705 134
701 111 717 127
714 103 730 119
715 118 731 134
701 127 717 143
687 134 703 150
731 111 747 127
730 96 746 112
740 90 756 106
757 80 773 96
770 74 786 90
783 66 799 82
783 81 799 97
797 72 813 88
810 80 826 96
796 89 812 105
782 99 798 115
771 102 787 118
756 112 772 128
741 120 757 136
742 104 758 120
756 97 772 113
729 125 745 141
718 134 734 150
703 142 719 158
689 147 705 163
677 157 693 173
675 173 691 189
689 164 705 180
701 158 717 174
714 149 730 165
729 141 745 157
742 133 758 149
756 128 772 144
767 120 783 136
780 111 796 127
796 105 812 121
809 97 825 113
821 105 837 121
809 112 825 128
781 127 797 143
768 136 784 152
755 142 771 158
743 148 759 164
729 158 745 174
702 172 718 188
688 178 704 194
677 186 693 202
687 195 703 211
689 208 705 224
688 223 704 239
700 219 716 235
713 211 729 227
727 205 743 221
740 196 756 212
754 187 770 203
767 182 783 198
768 166 784 182
766 151 782 167
779 143 795 159
794 134 810 150
823 121 839 137
822 134 838 150
835 126 851 142
809 145 825 161
808 128 824 144
838 110 854 126
821 151 837 167
808 158 824 174
808 170 824 186
819 166 835 182
833 159 849 175
832 173 848 189
819 179 835 195
819 195 835 211
831 189 847 205
831 202 847 218
728 173 744 189
716 179 732 195
715 165 731 181
702 187 718 203
702 204 718 220
716 195 732 211
727 187 743 203
740 181 756 197
754 173 770 189
742 166 758 182
755 160 771 176
782 172 798 188
702 232 718 248
715 223 731 239
729 218 745 234
741 211 757 227
755 202 771 218
783 188 799 204
794 181 810 197
795 194 811 210
792 210 808 226
781 219 797 235
768 226 784 242
769 210 785 226
756 216 772 232
729 233 745 249
713 238 729 254
715 255 731 271
727 247 743 263
715 267 731 283
725 262 741 278
726 278 742 294
739 271 755 287
742 226 758 242
741 241 757 257
754 233 770 249
755 247 771 263
768 240 784 256
779 247 795 263
790 241 806 257
804 234 820 250
808 218 824 234
818 227 834 243
830 218 846 234
831 231 847 247
819 241 835 257
807 247 823 263
794 254 810 270
781 262 797 278
793 272 809 288
767 273 783 289
767 258 783 274
753 279 769 295
744 286 760 302
727 293 743 309
740 298 756 314
739 314 755 330
753 308 769 324
753 294 769 310
767 285 783 301
767 302 783 318
779 293 795 309
791 286 807 302
806 280 822 296
817 272 833 288
821 257 837 273
832 249 848 265
845 241 861 257
844 255 860 271
855 250 871 266
857 262 873 278
869 254 885 270
844 272 860 288
830 279 846 295
817 285 833 301
805 295 821 311
792 300 808 316
766 329 782 345
750 341 766 357
751 353 767 369
792 315 808 331
803 310 819 326
817 303 833 319
829 294 845 310
842 286 858 302
856 279 872 295
783 324 799 340
767 362 783 378
779 355 795 371
792 349 808 365
817 319 833 335
830 311 846 327
843 304 859 320
856 295 872 311
871 286 887 302
884 279 900 295
895 273 911 289
909 265 925 281
922 256 938 272
937 265 953 281
949 256 965 272
948 270 964 286
964 267 980 283
962 281 978 297
975 273 991 289
961 298 977 314
973 289 989 305
988 295 1004 311
1000 288 1016 304
964 309 980 325
976 320 992 336
948 334 964 350
962 327 978 343
934 343 950 359
937 328 953 344
920 317 936 333
935 312 951 328
937 299 953 315
923 290 939 306
921 274 937 290
907 296 923 312
897 303 913 319
884 310 900 326
883 296 899 312
868 304 884 320
857 310 873 326
816 347 832 363
818 332 834 348
804 323 820 339
790 362 806 378
752 386 768 402
764 376 780 392
765 391 781 407
752 400 768 416
739 406 755 422
737 438 753 454
763 406 779 422
776 402 792 418
790 394 806 410
803 387 819 403
828 372 844 388
843 364 859 380
828 355 844 371
843 348 859 364
857 340 873 356
869 335 885 351
880 326 896 342
895 319 911 335
909 324 925 340
907 312 923 328
921 304 937 320
896 336 912 352
869 364 885 380
859 373 875 389
841 380 857 396
843 393 859 409
883 358 899 374
895 349 911 365
896 366 912 382
870 350 886 366
882 341 898 357
855 357 871 373
843 408 859 424
829 414 845 430
829 429 845 445
843 424 859 440
856 416 872 432
857 445 873 461
855 463 871 479
854 476 870 492
867 470 883 486
869 454 885 470
879 461 895 477
841 470 857 486
842 455 858 471
841 486 857 502
826 509 842 525
825 493 841 509
827 478 843 494
816 486 832 502
800 476 816 492
788 470 804 486
776 463 792 479
765 454 781 470
749 461 765 477
738 454 754 470
723 458 739 474
710 451 726 467
724 427 740 443
734 424 750 440
750 417 766 433
751 430 767 446
761 423 777 439
775 416 791 432
791 408 807 424
803 401 819 417
805 415 821 431
791 422 807 438
790 435 806 451
775 428 791 444
802 431 818 447
814 423 830 439
815 408 831 424
817 378 833 394
804 366 820 382
789 377 805 393
802 445 818 461
801 459 817 475
814 457 830 473
816 438 832 454
775 477 791 493
763 482 779 498
759 499 775 515
747 507 763 523
749 492 765 508
750 477 766 493
737 484 753 500
735 498 751 514
720 491 736 507
709 499 725 515
696 493 712 509
695 470 711 486
684 480 700 496
683 496 699 512
709 467 725 483
722 476 738 492
736 469 752 485
735 515 751 531
733 529 749 545
747 521 763 537
761 512 777 528
775 492 791 508
787 484 803 500
786 500 802 516
801 491 817 507
787 516 803 532
802 509 818 525
816 498 832 514
816 516 832 532
803 522 819 538
788 528 804 544
800 567 816 583
744 583 760 599
744 568 760 584
759 560 775 576
668 580 684 596
909 359 925 375
908 341 924 357
921 365 937 381
934 358 950 374
947 360 963 376
936 370 952 386
921 380 937 396
922 394 938 410
908 403 924 419
897 411 913 427
894 393 910 409
884 402 900 418
883 387 899 403
869 409 885 425
868 426 884 442
884 419 900 435
896 426 912 442
882 433 898 449
678 574 694 590
690 566 706 582
705 558 721 574
717 553 733 569
717 568 733 584
730 560 746 576
745 554 761 570
772 523 788 539
774 509 790 525
760 546 776 562
773 538 789 554
774 552 790 568
785 544 801 560
800 537 816 553
816 530 832 546
772 566 788 582
785 558 801 574
798 553 814 569
811 544 827 560
774 582 790 598
758 572 774 588
694 551 710 567
694 537 710 553
695 521 711 537
695 507 711 523
682 513 698 529
680 527 696 543
681 543 697 559
677 559 693 575
708 528 724 544
718 539 734 555
729 550 745 566
707 544 723 560
667 569 683 585
668 554 684 570
666 539 682 555
666 521 682 537
667 507 683 523
668 489 684 505
659 480 675 496
658 496 674 512
645 489 661 505
629 480 645 496
616 489 632 505
603 497 619 513
603 480 619 496
593 473 609 489
577 481 593 497
615 519 631 535
627 511 643 527
643 505 659 521
616 535 632 551
616 548 632 564
616 563 632 579
615 576 631 592
628 557 644 573
628 542 644 558
641 535 657 551
643 518 659 534
655 511 671 527
641 551 657 567
641 566 657 582
654 572 670 588
640 582 656 598
654 558 670 574
655 545 671 561
655 528 671 544
561 566 577 582
574 557 590 573
587 549 603 565
574 572 590 588
586 565 602 581
599 557 615 573
586 579 602 595
601 570 617 586
536 580 552 596
507 578 523 594
523 568 539 584
534 561 550 577
535 534 551 550
537 519 553 535
536 506 552 522
549 512 565 528
562 504 578 520
574 497 590 513
590 490 606 506
592 505 608 521
577 515 593 531
550 527 566 543
548 542 564 558
536 549 552 565
564 546 580 562
548 555 564 571
564 522 580 538
551 497 567 513
550 483 566 499
552 465 568 481
564 471 580 487
563 489 579 505
538 490 554 506
538 477 554 493
538 458 554 474
538 446 554 462
539 430 555 446
523 481 539 497
513 488 529 504
496 497 512 513
498 481 514 497
470 496 486 512
456 504 472 520
481 519 497 535
494 526 510 542
497 512 513 528
857 386 873 402
857 401 873 417
508 534 524 550
508 564 524 580
520 556 536 572
522 542 538 558
523 494 539 510
511 503 527 519
496 464 512 480
496 451 512 467
496 437 512 453
497 421 513 437
499 405 515 421
511 395 527 411
526 399 542 415
514 409 530 425
512 425 528 441
512 444 528 460
511 460 527 476
526 434 542 450
526 419 542 435
390 494 406 510
393 477 409 493
404 469 420 485
417 461 433 477
430 453 446 469
445 447 461 463
444 464 460 480
456 457 472 473
459 442 475 458
471 434 487 450
472 419 488 435
487 411 503 427
487 394 503 410
486 382 502 398
472 374 488 390
499 375 515 391
488 367 504 383
488 351 504 367
502 357 518 373
477 357 493 373
477 343 493 359
477 329 493 345
476 317 492 333
476 296 492 312
488 307 504 323
463 289 479 305
449 281 465 297
450 266 466 282
450 251 466 267
438 246 454 262
423 236 439 252
409 229 425 245
411 215 427 231
424 205 440 221
412 198 428 214
440 211 456 227
429 185 445 201
386 181 402 197
399 175 415 191
400 159 416 175
387 166 403 182
387 152 403 168
401 145 417 161
373 146 389 162
490 335 506 351
405 439 421 455
406 427 422 443
405 414 421 430
408 397 424 413
409 381 425 397
397 388 413 404
382 396 398 412
356 409 372 425
342 418 358 434
327 426 343 442
339 433 355 449
356 424 372 440
366 419 382 435
394 401 410 417
394 418 410 434
381 424 397 440
370 433 386 449
354 440 370 456
342 446 358 462
354 456 370 472
367 446 383 462
378 440 394 456
394 433 410 449
368 461 384 477
367 478 383 494
351 484 367 500
353 470 369 486
381 469 397 485
393 462 409 478
405 455 421 471
628 525 644 541
691 579 707 595
866 318 882 334
855 326 871 342
830 323 846 339
895 288 911 304
907 282 923 298
948 318 964 334
975 304 991 320
988 280 1004 296
216 188 232 204
229 180 245 196
241 173 257 189
255 166 271 182
269 157 285 173
282 150 298 166
296 141 312 157
322 126 338 142
321 143 337 159
307 152 323 168
307 166 323 182
282 166 298 182
271 173 287 189
254 179 270 195
243 187 259 203
229 195 245 211
229 210 245 226
240 202 256 218
255 195 271 211
267 188 283 204
282 181 298 197
294 174 310 190
297 161 313 177
283 136 299 152
282 119 298 135
271 127 287 143
256 119 272 135
243 128 259 144
228 131 244 147
241 141 257 157
243 159 259 175
255 151 271 167
256 136 272 152
230 164 246 180
217 170 233 186
219 153 235 169
204 176 220 192
242 218 258 234
242 232 258 248
254 239 270 255
254 225 270 241
256 212 272 228
270 202 286 218
281 196 297 212
294 188 310 204
308 179 324 195
320 173 336 189
334 168 350 184
335 153 351 169
336 138 352 154
349 128 365 144
350 143 366 159
361 150 377 166
363 136 379 152
360 165 376 181
349 160 365 176
348 174 364 190
337 180 353 196
322 189 338 205
310 197 326 213
294 206 310 222
285 211 301 227
306 213 322 229
321 203 337 219
307 227 323 243
320 220 336 236
308 242 324 258
295 247 311 263
281 256 297 272
280 242 296 258
267 233 283 249
281 226 297 242
295 219 311 235
270 262 286 278
257 269 273 285
256 256 272 272
268 249 284 265
255 288 271 304
268 278 284 294
278 269 294 285
292 264 308 280
306 257 322 273
319 250 335 266
335 241 351 257
347 235 363 251
347 221 363 237
385 227 401 243
386 199 402 215
400 190 416 206
371 192 387 208
348 187 364 203
373 174 389 190
373 160 389 176
333 198 349 214
347 205 363 221
346 250 362 266
345 264 361 280
358 257 374 273
361 241 377 257
370 252 386 268
384 244 400 260
398 237 414 253
425 222 441 238
438 227 454 243
412 245 428 261
401 251 417 267
387 258 403 274
371 267 387 283
346 280 362 296
334 287 350 303
319 295 335 311
307 302 323 318
305 287 321 303
306 274 322 290
319 266 335 282
334 257 350 273
333 272 349 288
294 281 310 297
281 287 297 303
267 295 283 311
267 307 283 323
277 300 293 316
292 291 308 307
424 250 440 266
411 257 427 273
398 263 414 279
371 279 387 295
384 271 400 287
358 289 374 305
346 295 362 311
333 303 349 319
320 309 336 325
306 317 322 333
292 324 308 340
277 332 293 348
290 356 306 372
305 348 321 364
306 334 322 350
305 363 321 379
317 356 333 372
330 349 346 365
344 341 360 357
330 334 346 350
344 325 360 341
358 317 374 333
370 310 386 326
358 302 374 318
385 305 401 321
396 297 412 313
412 288 428 304
421 283 437 299
436 272 452 288
438 259 454 275
438 289 454 305
424 298 440 314
411 305 427 321
399 311 415 327
371 326 387 342
358 331 374 347
344 355 360 371
328 363 344 379
330 379 346 395
329 394 345 410
342 387 358 403
343 372 359 388
356 364 372 380
381 364 397 380
395 370 411 386
409 365 425 381
421 360 437 376
434 351 450 367
423 342 439 358
396 343 412 359
396 358 412 374
396 326 412 342
383 334 399 350
384 317 400 333
409 321 425 337
422 313 438 329
432 471 448 487
416 480 432 496
416 494 432 510
429 486 445 502
418 508 434 524
429 498 445 514
416 522 432 538
429 516 445 532
441 510 457 526
473 463 489 479
486 457 502 473
485 471 501 487
480 503 496 519
449 298 465 314
421 373 437 389
421 390 437 406
434 397 450 413
447 405 463 421
435 412 451 428
421 422 437 438
446 389 462 405
450 372 466 388
461 367 477 383
460 352 476 368
449 361 465 377
463 335 479 351
463 320 479 336
451 313 467 329
449 328 465 344
448 344 464 360
463 308 479 324
436 320 452 336
589 533 605 549
602 527 618 543
305 378 321 394
303 392 319 408
288 400 304 416
275 403 291 419
292 415 308 431
303 424 319 440
315 403 331 419
276 455 292 471
290 444 306 460
303 438 319 454
275 424 291 440
262 429 278 445
289 431 305 447
248 451 264 467
250 467 266 483
237 476 253 492
221 481 237 497
222 499 238 515
235 493 251 509
250 481 266 497
262 491 278 507
247 498 263 514
234 506 250 522
224 513 240 529
211 520 227 536
195 530 211 546
181 537 197 553
183 564 199 580
208 553 224 569
193 558 209 574
208 566 224 582
222 558 238 574
220 575 236 591
208 583 224 599
260 583 276 599
246 575 262 591
232 582 248 598
233 566 249 582
297 546 313 562
311 539 327 555
322 532 338 548
340 521 356 537
339 506 355 522
351 514 367 530
365 508 381 524
327 517 343 533
315 523 331 539
302 529 318 545
300 516 316 532
312 508 328 524
327 500 343 516
313 495 329 511
300 502 316 518
284 509 300 525
285 493 301 509
300 485 316 501
304 472 320 488
306 454 322 470
289 474 305 490
288 462 304 478
317 462 333 478
261 506 277 522
249 514 265 530
237 521 253 537
211 539 227 555
260 552 276 568
273 544 289 560
260 537 276 553
272 517 288 533
363 569 379 585
351 561 367 577
352 547 368 563
336 565 352 581
327 573 343 589
364 553 380 569
365 539 381 555
364 524 380 540
350 531 366 547
376 516 392 532
391 506 407 522
393 523 409 539
392 538 408 554
390 556 406 572
400 547 416 563
400 561 416 577
377 530 393 546
377 548 393 564
376 562 392 578
376 578 392 594
482 577 498 593
415 538 431 554
430 531 446 547
442 523 458 539
442 538 458 554
457 531 473 547
457 547 473 563
471 555 487 571
444 556 460 572
446 476 462 492
443 494 459 510
458 488 474 504
417 449 433 465
434 443 450 459
434 427 450 443
447 434 463 450
446 419 462 435
458 428 474 444
460 411 476 427
313 566 329 582
300 577 316 593
298 559 314 575
286 569 302 585
272 573 288 589
561 580 577 596
548 572 564 588
456 562 472 578
232 537 248 553
245 543 261 559
247 529 263 545
351 575 367 591
343 401 359 417
327 410 343 426
356 378 372 394
369 369 385 385
434 366 450 382
410 348 426 364
461 381 477 397
488 427 504 443
380 454 396 470
616 506 632 522
630 497 646 513
666 25 682 41
807 204 823 220
843 317 859 333
778 370 794 386
838 501 854 517
826 537 842 553
815 557 831 573
760 530 776 546
745 539 761 555
731 572 747 588
717 580 733 596
429 575 445 591
406 530 422 546
431 547 447 563
429 560 445 576
484 562 500 578
638 42 654 58
796 117 812 133
796 148 812 164
783 155 799 171
319 341 335 357
318 325 334 341
333 317 349 333
242 249 258 265
227 225 243 241
216 199 232 215
361 210 377 226
386 213 402 229
411 166 427 182
414 148 430 164
311 117 327 133
294 129 310 145
270 143 286 159
459 472 475 488
327 484 343 500
313 478 329 494
340 462 356 478
326 438 342 454
