81 779 97 795
66 763 82 779
101 737 117 753
89 725 105 741
110 755 126 771
94 735 110 751
78 745 94 761
56 726 72 742
58 766 74 782
42 748 58 764
36 780 52 796
22 767 38 783
24 766 40 782
6 754 22 770
35 746 51 762
14 725 30 741
51 728 67 744
32 709 48 725
83 725 99 741
66 711 82 727
81 707 97 723
64 689 80 705
39 699 55 715
21 677 37 693
40 668 56 684
29 653 45 669
47 650 63 666
35 630 51 646
24 671 40 687
4 651 20 667
21 654 37 670
5 632 21 648
40 618 56 634
23 600 39 616
59 686 75 702
43 670 59 686
76 672 92 688
60 657 76 673
82 689 98 705
71 674 87 690
114 690 130 706
96 673 112 689
89 661 105 677
75 645 91 661
142 725 158 741
126 712 142 728
36 558 52 574
18 542 34 558
46 536 62 552
31 520 47 536
65 517 81 533
51 504 67 520
87 512 103 528
71 495 87 511
104 495 120 511
91 481 107 497
108 462 124 478
94 441 110 457
92 467 108 483
81 452 97 468
142 457 158 473
124 440 140 456
134 486 150 502
123 469 139 485
154 473 170 489
143 461 159 477
178 462 194 478
163 445 179 461
163 449 179 465
152 430 168 446
149 426 165 442
129 412 145 428
123 431 139 447
107 419 123 435
84 428 100 444
71 412 87 428
76 441 92 457
56 431 72 447
66 456 82 472
52 442 68 458
51 474 67 490
31 456 47 472
73 492 89 508
53 479 69 495
36 508 52 524
20 493 36 509
25 436 41 452
14 420 30 436
32 388 48 404
17 370 33 386
46 376 62 392
35 362 51 378
82 360 98 376
63 345 79 361
83 382 99 398
64 365 80 381
47 404 63 420
30 387 46 403
69 403 85 419
52 388 68 404
99 402 115 418
80 381 96 397
50 435 66 451
34 420 50 436
107 531 123 547
90 511 106 527
59 567 75 583
43 556 59 572
55 589 71 605
44 576 60 592
88 570 104 586
72 553 88 569
76 622 92 638
62 606 78 622
62 626 78 642
48 611 64 627
76 605 92 621
58 588 74 604
112 578 128 594
99 561 115 577
109 612 125 628
93 595 109 611
106 632 122 648
85 618 101 634
123 623 139 639
107 605 123 621
138 596 154 612
122 579 138 595
121 554 137 570
108 532 124 548
131 525 147 541
115 511 131 527
152 518 168 534
136 504 152 520
166 503 182 519
149 487 165 503
196 499 212 515
175 481 191 497
196 520 212 536
180 506 196 522
15 78 31 94
20 154 36 170
6 136 22 152
25 124 41 140
8 108 24 124
47 93 63 109
36 79 52 95
53 127 69 143
36 106 52 122
47 149 63 165
27 128 43 144
74 118 90 134
59 106 75 122
41 196 57 212
28 182 44 198
67 182 83 198
53 168 69 184
88 157 104 173
71 141 87 157
93 182 109 198
72 165 88 181
69 204 85 220
52 190 68 206
22 224 38 240
10 208 26 224
25 270 41 286
6 251 22 267
41 234 57 250
29 213 45 229
67 246 83 262
53 228 69 244
102 205 118 221
84 186 100 202
134 218 150 234
115 208 131 224
95 248 111 264
81 234 97 250
126 249 142 265
109 236 125 252
18 294 34 310
5 278 21 294
31 339 47 355
11 326 27 342
41 299 57 315
24 284 40 300
70 305 86 321
53 290 69 306
61 333 77 349
43 316 59 332
81 329 97 345
66 313 82 329
101 281 117 297
89 261 105 277
116 285 132 301
96 267 112 283
91 307 107 323
79 291 95 307
108 320 124 336
97 305 113 321
133 311 149 327
119 299 135 315
154 292 170 308
137 275 153 291
166 278 182 294
150 262 166 278
154 253 170 269
138 241 154 257
113 345 129 361
101 330 117 346
92 366 108 382
79 345 95 361
116 381 132 397
98 363 114 379
131 387 147 403
116 369 132 385
142 381 158 397
127 366 143 382
140 349 156 365
125 337 141 353
197 279 213 295
184 259 200 275
186 296 202 312
172 279 188 295
175 322 191 338
153 309 169 325
184 323 200 339
172 308 188 324
210 343 226 359
192 324 208 340
179 357 195 373
162 344 178 360
158 395 174 411
143 377 159 393
204 365 220 381
189 350 205 366
193 402 209 418
172 385 188 401
176 419 192 435
156 400 172 416
210 404 226 420
189 390 205 406
206 426 222 442
187 407 203 423
229 398 245 414
213 382 229 398
254 398 270 414
244 379 260 395
250 419 266 435
237 405 253 421
235 446 251 462
217 431 233 447
204 450 220 466
187 436 203 452
224 476 240 492
210 463 226 479
242 475 258 491
225 459 241 475
270 469 286 485
255 452 271 468
273 440 289 456
254 428 270 444
274 422 290 438
259 407 275 423
287 408 303 424
276 389 292 405
301 439 317 455
280 426 296 442
227 507 243 523
213 488 229 504
243 507 259 523
227 486 243 502
264 509 280 525
249 492 265 508
227 524 243 540
215 510 231 526
211 548 227 564
191 526 207 542
185 561 201 577
168 544 184 560
166 573 182 589
147 554 163 570
148 571 164 587
127 552 143 568
146 548 162 564
128 527 144 543
202 567 218 583
185 553 201 569
50 278 66 294
37 263 53 279
149 696 165 712
132 680 148 696
166 696 182 712
150 685 166 701
189 687 205 703
170 676 186 692
206 683 222 699
189 666 205 682
170 660 186 676
158 646 174 662
134 653 150 669
116 634 132 650
156 626 172 642
141 614 157 630
174 639 190 655
157 620 173 636
173 602 189 618
156 586 172 602
199 593 215 609
183 579 199 595
219 589 235 605
203 569 219 585
234 558 250 574
223 539 239 555
262 542 278 558
247 521 263 537
235 604 251 620
216 591 232 607
208 640 224 656
192 627 208 643
241 632 257 648
224 611 240 627
262 616 278 632
245 595 261 611
256 662 272 678
236 646 252 662
289 623 305 639
275 606 291 622
264 566 280 582
247 546 263 562
300 548 316 564
285 537 301 553
293 571 309 587
277 556 293 572
272 580 288 596
261 567 277 583
306 590 322 606
290 576 306 592
327 561 343 577
308 542 324 558
326 519 342 535
307 499 323 515
277 511 293 527
265 495 281 511
298 499 314 515
284 480 300 496
308 467 324 483
292 447 308 463
331 447 347 463
317 429 333 445
315 410 331 426
295 397 311 413
330 426 346 442
310 413 326 429
352 471 368 487
333 457 349 473
370 467 386 483
354 452 370 468
396 455 412 471
382 440 398 456
387 476 403 492
373 459 389 475
381 495 397 511
366 476 382 492
345 501 361 517
332 487 348 503
365 517 381 533
347 499 363 515
345 539 361 555
333 524 349 540
377 517 393 533
363 501 379 517
360 545 376 561
346 529 362 545
353 571 369 587
338 552 354 568
404 544 420 560
388 530 404 546
412 528 428 544
399 512 415 528
430 515 446 531
412 494 428 510
442 497 458 513
428 484 444 500
415 477 431 493
394 461 410 477
420 451 436 467
404 433 420 449
447 450 463 466
435 432 451 448
439 469 455 485
423 454 439 470
414 414 430 430
396 403 412 419
433 418 449 434
420 405 436 421
455 402 471 418
433 386 449 402
484 406 500 422
467 395 483 411
464 435 480 451
450 424 466 440
482 459 498 475
462 444 478 460
486 443 502 459
472 426 488 442
501 428 517 444
484 411 500 427
520 434 536 450
504 419 520 435
518 450 534 466
503 439 519 455
513 468 529 484
496 452 512 468
480 481 496 497
467 465 483 481
236 353 252 369
218 339 234 355
231 312 247 328
214 295 230 311
245 303 261 319
225 283 241 299
262 322 278 338
250 303 266 319
251 331 267 347
231 317 247 333
268 345 284 361
250 329 266 345
284 329 300 345
272 310 288 326
309 329 325 345
297 314 313 330
302 352 318 368
286 333 302 349
299 370 315 386
283 353 299 369
365 343 381 359
345 327 361 343
365 360 381 376
351 344 367 360
341 379 357 395
327 359 343 375
357 404 373 420
339 390 355 406
379 382 395 398
360 367 376 383
332 336 348 352
320 316 336 332
324 348 340 364
311 329 327 345
346 303 362 319
329 284 345 300
370 294 386 310
355 277 371 293
382 311 398 327
371 295 387 311
381 327 397 343
363 306 379 322
329 275 345 291
307 261 323 277
344 258 360 274
333 239 349 255
312 251 328 267
297 240 313 256
333 230 349 246
313 217 329 233
350 234 366 250
329 220 345 236
369 231 385 247
356 218 372 234
390 227 406 243
380 214 396 230
407 228 423 244
396 212 412 228
381 253 397 269
367 236 383 252
432 248 448 264
415 233 431 249
423 276 439 292
405 255 421 271
399 295 415 311
386 279 402 295
452 245 468 261
436 235 452 251
448 269 464 285
431 256 447 272
442 291 458 307
422 274 438 290
425 309 441 325
407 294 423 310
401 335 417 351
383 319 399 335
406 363 422 379
392 353 408 369
383 403 399 419
366 391 382 407
400 394 416 410
380 382 396 398
382 429 398 445
369 407 385 423
425 358 441 374
409 342 425 358
429 372 445 388
412 362 428 378
449 369 465 385
439 349 455 365
480 353 496 369
464 334 480 350
452 328 468 344
434 308 450 324
486 325 502 341
468 305 484 321
509 332 525 348
491 321 507 337
472 291 488 307
456 278 472 294
492 286 508 302
473 271 489 287
474 271 490 287
459 250 475 266
507 266 523 282
492 252 508 268
520 298 536 314
504 284 520 300
561 291 577 307
546 271 562 287
544 305 560 321
526 287 542 303
548 319 564 335
529 300 545 316
539 346 555 362
523 329 539 345
507 370 523 386
492 351 508 367
515 390 531 406
501 376 517 392
550 363 566 379
533 348 549 364
561 378 577 394
549 365 565 381
566 417 582 433
549 404 565 420
559 444 575 460
538 426 554 442
593 399 609 415
581 388 597 404
611 393 627 409
592 374 608 390
599 368 615 384
582 350 598 366
622 346 638 362
607 326 623 342
648 335 664 351
634 320 650 336
657 353 673 369
644 338 660 354
636 391 652 407
617 373 633 389
650 293 666 309
633 277 649 293
659 315 675 331
642 299 658 315
674 316 690 332
654 306 670 322
690 335 706 351
669 317 685 333
706 314 722 330
692 300 708 316
714 284 730 300
693 269 709 285
686 264 702 280
671 251 687 267
571 260 587 276
554 246 570 262
592 236 608 252
577 220 593 236
610 252 626 268
594 236 610 252
596 275 612 291
576 261 592 277
577 296 593 312
567 282 583 298
599 304 615 320
582 292 598 308
614 280 630 296
597 267 613 283
644 225 660 241
628 206 644 222
630 253 646 269
613 239 629 255
657 240 673 256
641 226 657 242
680 237 696 253
669 218 685 234
702 239 718 255
691 225 707 241
534 159 550 175
516 144 532 160
559 171 575 187
543 153 559 169
543 194 559 210
526 173 542 189
544 211 560 227
527 197 543 213
571 208 587 224
552 186 568 202
557 226 573 242
539 212 555 228
546 244 562 260
531 224 547 240
525 129 541 145
508 109 524 125
544 106 560 122
533 89 549 105
480 72 496 88
467 54 483 70
466 94 482 110
455 82 471 98
440 106 456 122
424 90 440 106
425 131 441 147
412 115 428 131
410 162 426 178
397 142 413 158
404 193 420 209
392 173 408 189
435 180 451 196
418 165 434 181
448 144 464 160
431 130 447 146
471 125 487 141
456 109 472 125
500 102 516 118
483 84 499 100
507 76 523 92
496 59 512 75
532 88 548 104
517 77 533 93
470 165 486 181
458 153 474 169
467 193 483 209
447 179 463 195
453 219 469 235
436 208 452 224
493 161 509 177
483 145 499 161
495 189 511 205
479 173 495 189
485 218 501 234
469 205 485 221
509 214 525 230
490 196 506 212
482 248 498 264
464 235 480 251
498 238 514 254
486 221 502 237
519 245 535 261
502 229 518 245
778 152 794 168
760 137 776 153
19 30 35 46
5 16 21 32
41 53 57 69
28 36 44 52
66 46 82 62
54 25 70 41
86 31 102 47
67 12 83 28
60 65 76 81
49 52 65 68
98 40 114 56
84 23 100 39
86 86 102 102
75 69 91 85
117 74 133 90
96 56 112 72
92 69 108 85
75 55 91 71
137 39 153 55
124 27 140 43
161 42 177 58
145 28 161 44
175 51 191 67
154 40 170 56
188 28 204 44
170 10 186 26
142 71 158 87
127 55 143 71
238 55 254 71
227 35 243 51
222 65 238 81
206 45 222 61
203 74 219 90
182 60 198 76
181 97 197 113
162 80 178 96
131 125 147 141
115 107 131 123
152 131 168 147
134 111 150 127
167 115 183 131
152 101 168 117
118 172 134 188
103 156 119 172
139 166 155 182
126 150 142 166
147 202 163 218
130 185 146 201
184 133 200 149
166 117 182 133
207 129 223 145
190 110 206 126
215 99 231 115
201 82 217 98
249 72 265 88
232 50 248 66
266 50 282 66
247 37 263 53
282 71 298 87
266 55 282 71
265 102 281 118
250 85 266 101
245 105 261 121
229 91 245 107
238 135 254 151
224 117 240 133
217 154 233 170
200 137 216 153
190 173 206 189
177 154 193 170
183 196 199 212
163 180 179 196
179 221 195 237
165 205 181 221
173 242 189 258
159 228 175 244
189 266 205 282
173 245 189 261
206 235 222 251
185 219 201 235
222 197 238 213
202 184 218 200
211 183 227 199
196 165 212 181
254 167 270 183
233 147 249 163
248 186 264 202
235 169 251 185
250 213 266 229
230 197 246 213
278 168 294 184
263 155 279 171
274 196 290 212
259 180 275 196
259 230 275 246
245 219 261 235
243 244 259 260
224 225 240 241
225 266 241 282
211 254 227 270
271 266 287 282
255 254 271 270
301 219 317 235
286 206 302 222
307 188 323 204
292 170 308 186
314 160 330 176
300 146 316 162
288 125 304 141
268 109 284 125
301 139 317 155
289 122 305 138
277 31 293 47
264 15 280 31
294 42 310 58
279 22 295 38
335 50 351 66
324 37 340 53
305 51 321 67
290 39 306 55
324 66 340 82
305 53 321 69
320 89 336 105
308 71 324 87
309 92 325 108
294 78 310 94
361 29 377 45
343 14 359 30
358 58 374 74
337 42 353 58
352 114 368 130
339 101 355 117
334 121 350 137
318 104 334 120
347 153 363 169
329 137 345 153
378 133 394 149
362 114 378 130
396 121 412 137
376 111 392 127
385 171 401 187
367 155 383 171
370 190 386 206
358 176 374 192
334 208 350 224
316 190 332 206
334 183 350 199
319 165 335 181
390 35 406 51
373 25 389 41
386 76 402 92
367 57 383 73
405 59 421 75
390 41 406 57
421 40 437 56
406 29 422 45
469 29 485 45
450 11 466 27
461 56 477 72
442 44 458 60
451 83 467 99
435 62 451 78
422 90 438 106
411 71 427 87
484 48 500 64
464 35 480 51
525 30 541 46
512 13 528 29
552 39 568 55
538 22 554 38
544 77 560 93
526 61 542 77
555 68 571 84
538 51 554 67
585 45 601 61
571 25 587 41
616 64 632 80
602 52 618 68
581 117 597 133
562 101 578 117
