766 362 782 378
755 346 771 362
742 371 758 387
725 355 741 371
767 337 783 353
756 319 772 335
745 344 761 360
727 329 743 345
770 303 786 319
756 289 772 305
749 316 765 332
728 304 744 320
751 284 767 300
734 272 750 288
778 272 794 288
759 254 775 270
779 243 795 259
758 224 774 240
746 258 762 274
732 245 748 261
749 228 765 244
738 210 754 226
781 214 797 230
761 198 777 214
783 184 799 200
764 167 780 183
752 195 768 211
738 181 754 197
782 150 798 166
763 136 779 152
757 170 773 186
742 158 758 174
754 139 770 155
740 124 756 140
756 106 772 122
744 93 760 109
759 76 775 92
741 61 757 77
758 50 774 66
745 35 761 51
304 21 320 37
288 4 304 20
407 28 423 44
388 10 404 26
378 44 394 60
362 23 378 39
349 57 365 73
337 37 353 53
327 69 343 85
310 51 326 67
302 48 318 64
282 36 298 52
332 34 348 50
311 18 327 34
357 24 373 40
342 5 358 21
483 21 499 37
456 29 472 45
442 12 458 28
432 42 448 58
415 29 431 45
400 58 416 74
384 41 400 57
378 71 394 87
360 54 376 70
429 73 445 89
415 58 431 74
451 58 467 74
436 44 452 60
479 45 495 61
461 30 477 46
509 31 525 47
489 18 505 34
528 20 544 36
517 9 533 25
587 21 603 37
569 8 585 24
559 37 575 53
545 21 561 37
535 48 551 64
520 37 536 53
501 65 517 81
487 48 503 64
477 80 493 96
460 63 476 79
556 63 572 79
536 47 552 63
581 54 597 70
567 37 583 53
612 39 628 55
591 25 607 41
636 24 652 40
619 5 635 21
686 25 702 41
674 12 690 28
656 39 672 55
639 20 655 36
636 55 652 71
618 44 634 60
734 29 750 45
718 17 734 33
712 41 728 57
696 30 712 46
684 56 700 72
672 43 688 59
658 65 674 81
641 49 657 65
628 86 644 102
618 70 634 86
608 94 624 110
591 83 607 99
581 115 597 131
562 98 578 114
556 124 572 140
540 112 556 128
530 135 546 151
514 122 530 138
502 155 518 171
483 138 499 154
474 168 490 184
454 151 470 167
445 176 461 192
432 165 448 181
610 69 626 85
591 54 607 70
580 85 596 101
561 66 577 82
554 99 570 115
542 84 558 100
531 107 547 123
517 95 533 111
500 118 516 134
483 107 499 123
474 137 490 153
457 118 473 134
446 142 462 158
430 132 446 148
426 161 442 177
410 146 426 162
524 81 540 97
514 64 530 80
504 88 520 104
490 75 506 91
474 102 490 118
464 92 480 108
451 116 467 132
436 102 452 118
425 132 441 148
411 118 427 134
402 144 418 160
387 129 403 145
377 162 393 178
355 143 371 159
345 169 361 185
327 153 343 169
348 144 364 160
330 128 346 144
370 131 386 147
358 117 374 133
401 117 417 133
383 102 399 118
429 108 445 124
410 92 426 108
451 93 467 109
439 74 455 90
398 83 414 99
383 71 399 87
370 98 386 114
357 82 373 98
353 113 369 129
336 95 352 111
321 125 337 141
304 113 320 129
323 102 339 118
308 84 324 100
349 82 365 98
338 71 354 87
732 63 748 79
717 45 733 61
713 73 729 89
695 55 711 71
685 87 701 103
665 75 681 91
657 99 673 115
639 82 655 98
634 115 650 131
614 95 630 111
604 128 620 144
587 111 603 127
573 135 589 151
559 120 575 136
552 152 568 168
535 135 551 151
525 167 541 183
507 149 523 165
501 183 517 199
483 165 499 181
738 90 754 106
720 74 736 90
715 108 731 124
698 89 714 105
687 116 703 132
672 103 688 119
654 130 670 146
641 111 657 127
631 151 647 167
617 135 633 151
729 120 745 136
719 106 735 122
702 137 718 153
692 116 708 132
678 149 694 165
668 131 684 147
652 163 668 179
639 149 655 165
626 174 642 190
612 159 628 175
603 188 619 204
583 172 599 188
731 153 747 169
718 138 734 154
703 166 719 182
690 150 706 166
682 179 698 195
664 160 680 176
299 80 315 96
284 66 300 82
724 181 740 197
713 165 729 181
703 195 719 211
681 175 697 191
678 205 694 221
658 194 674 210
651 218 667 234
635 203 651 219
621 229 637 245
607 218 623 234
624 204 640 220
609 189 625 205
653 189 669 205
637 174 653 190
596 218 612 234
584 199 600 215
577 229 593 245
557 216 573 232
576 203 592 219
556 185 572 201
551 213 567 229
532 202 548 218
519 228 535 244
505 212 521 228
548 188 564 204
536 171 552 187
523 201 539 217
510 190 526 206
497 214 513 230
486 196 502 212
474 222 490 238
456 207 472 223
447 238 463 254
432 223 448 239
442 214 458 230
429 194 445 210
474 191 490 207
458 178 474 194
423 188 439 204
406 172 422 188
418 220 434 236
401 203 417 219
393 172 409 188
377 159 393 175
366 185 382 201
355 172 371 188
344 202 360 218
327 185 343 201
392 236 408 252
379 221 395 237
367 251 383 267
349 231 365 247
348 262 364 278
328 242 344 258
289 290 305 306
276 272 292 288
319 247 335 263
304 228 320 244
344 235 360 251
329 219 345 235
371 219 387 235
350 203 366 219
399 204 415 220
382 189 398 205
499 244 515 260
483 226 499 242
472 257 488 273
450 239 466 255
440 265 456 281
428 253 444 269
413 278 429 294
399 264 415 280
389 285 405 301
373 275 389 291
361 300 377 316
345 287 361 303
338 323 354 339
321 303 337 319
311 327 327 343
297 316 313 332
284 345 300 361
271 329 287 345
286 317 302 333
269 297 285 313
316 300 332 316
299 289 315 305
340 289 356 305
322 273 338 289
365 272 381 288
349 257 365 273
391 256 407 272
374 245 390 261
416 251 432 267
401 233 417 249
601 246 617 262
586 227 602 243
570 264 586 280
556 248 572 264
546 272 562 288
530 259 546 275
518 288 534 304
502 268 518 284
471 313 487 329
454 299 470 315
438 321 454 337
425 309 441 325
413 339 429 355
397 319 413 335
384 350 400 366
370 331 386 347
388 316 404 332
371 306 387 322
358 333 374 349
343 314 359 330
339 352 355 368
319 335 335 351
308 362 324 378
297 347 313 363
289 370 305 386
267 353 283 369
419 305 435 321
398 291 414 307
438 296 454 312
422 281 438 297
462 289 478 305
448 271 464 287
518 255 534 271
501 239 517 255
546 252 562 268
535 236 551 252
491 273 507 289
477 254 493 270
493 330 509 346
480 315 496 331
463 346 479 362
446 329 462 345
437 348 453 364
425 337 441 353
414 364 430 380
398 349 414 365
385 376 401 392
370 358 386 374
359 360 375 376
346 346 362 362
335 371 351 387
321 359 337 375
462 369 478 385
441 351 457 367
492 358 508 374
478 342 494 358
729 209 745 225
710 195 726 211
701 221 717 237
684 208 700 224
680 235 696 251
663 221 679 237
647 251 663 267
633 235 649 251
622 263 638 279
605 251 621 267
596 272 612 288
580 259 596 275
569 284 585 300
555 272 571 288
726 238 742 254
712 225 728 241
696 253 712 269
682 240 698 256
674 269 690 285
658 249 674 265
646 282 662 298
629 266 645 282
619 293 635 309
608 276 624 292
591 310 607 326
580 289 596 305
570 316 586 332
556 303 572 319
495 297 511 313
474 277 490 293
723 265 739 281
708 254 724 270
695 283 711 299
678 264 694 280
670 294 686 310
653 280 669 296
644 313 660 329
629 296 645 312
621 321 637 337
602 305 618 321
595 340 611 356
581 320 597 336
564 347 580 363
552 328 568 344
567 378 583 394
551 361 567 377
589 366 605 382
577 351 593 367
614 354 630 370
600 339 616 355
644 342 660 358
627 323 643 339
670 327 686 343
658 311 674 327
701 314 717 330
679 299 695 315
722 302 738 318
703 282 719 298
720 327 736 343
701 315 717 331
697 343 713 359
675 325 691 341
671 353 687 369
650 336 666 352
644 372 660 388
623 350 639 366
614 381 630 397
600 364 616 380
662 381 678 397
649 362 665 378
695 370 711 386
677 351 693 367
717 359 733 375
698 341 714 357
716 382 732 398
698 368 714 384
770 391 786 407
750 376 766 392
199 43 215 59
182 27 198 43
226 30 242 46
213 18 229 34
252 20 268 36
236 3 252 19
270 30 286 46
259 14 275 30
249 48 265 64
235 28 251 44
227 60 243 76
211 42 227 58
195 69 211 85
185 58 201 74
197 99 213 115
177 85 193 101
222 88 238 104
205 76 221 92
248 76 264 92
230 58 246 74
272 58 288 74
259 41 275 57
272 92 288 108
255 71 271 87
193 133 209 149
180 118 196 134
243 107 259 123
228 87 244 103
191 162 207 178
175 146 191 162
242 135 258 151
230 114 246 130
215 144 231 160
204 126 220 142
270 149 286 165
254 134 270 150
243 160 259 176
232 145 248 161
217 174 233 190
199 159 215 175
190 187 206 203
175 173 191 189
189 221 205 237
173 203 189 219
213 207 229 223
201 189 217 205
239 193 255 209
228 178 244 194
262 177 278 193
249 158 265 174
265 207 281 223
253 193 269 209
241 221 257 237
228 208 244 224
214 236 230 252
201 221 217 237
191 246 207 262
171 228 187 244
183 278 199 294
169 263 185 279
211 260 227 276
195 250 211 266
262 238 278 254
245 228 261 244
319 180 335 196
305 161 321 177
265 264 281 280
247 250 263 266
259 297 275 313
243 282 259 298
260 323 276 339
241 307 257 323
236 364 252 380
220 349 236 365
236 340 252 356
215 323 231 339
234 307 250 323
220 295 236 311
234 280 250 296
218 267 234 283
210 298 226 314
195 283 211 299
209 324 225 340
191 313 207 329
207 355 223 371
191 337 207 353
179 367 195 383
161 348 177 364
184 342 200 358
169 326 185 342
184 309 200 325
173 291 189 307
166 174 182 190
150 157 166 173
143 185 159 201
125 170 141 186
112 201 128 217
96 186 112 202
90 214 106 230
75 201 91 217
60 230 76 246
46 211 62 227
35 243 51 259
20 227 36 243
164 202 180 218
147 185 163 201
141 220 157 236
124 203 140 219
110 229 126 245
96 213 112 229
87 242 103 258
73 227 89 243
60 254 76 270
45 237 61 253
34 271 50 287
15 255 31 271
164 233 180 249
149 215 165 231
136 241 152 257
122 231 138 247
110 259 126 275
89 244 105 260
86 274 102 290
69 258 85 274
54 283 70 299
38 273 54 289
33 300 49 316
18 284 34 300
164 266 180 282
144 246 160 262
138 281 154 297
123 264 139 280
113 294 129 310
92 274 108 290
84 305 100 321
67 287 83 303
54 318 70 334
40 302 56 318
33 327 49 343
15 314 31 330
157 292 173 308
146 271 162 287
132 306 148 322
121 292 137 308
107 317 123 333
96 302 112 318
84 330 100 346
70 315 86 331
57 342 73 358
37 327 53 343
33 356 49 372
11 342 27 358
80 361 96 377
59 339 75 355
102 338 118 354
90 328 106 344
132 331 148 347
113 316 129 332
159 324 175 340
142 302 158 318
161 355 177 371
139 336 155 352
132 363 148 379
113 342 129 358
142 159 158 175
125 138 141 154
111 169 127 185
100 154 116 170
84 179 100 195
74 164 90 180
64 198 80 214
46 180 62 196
35 206 51 222
20 192 36 208
89 152 105 168
73 140 89 156
66 164 82 180
52 150 68 166
37 180 53 196
20 168 36 184
42 151 58 167
28 137 44 153
20 39 36 55
5 28 21 44
72 21 88 37
57 2 73 18
123 24 139 40
107 9 123 25
102 38 118 54
84 18 100 34
71 51 87 67
51 34 67 50
45 62 61 78
25 45 41 61
18 73 34 89
4 55 20 71
17 102 33 118
0 87 16 103
47 86 63 102
31 73 47 89
72 80 88 96
51 60 67 76
93 69 109 85
78 50 94 66
125 54 141 70
109 34 125 50
145 42 161 58
128 22 144 38
173 26 189 42
159 14 175 30
172 54 188 70
159 42 175 58
144 72 160 88
127 57 143 73
121 86 137 102
109 68 125 84
96 95 112 111
82 80 98 96
64 111 80 127
50 95 66 111
40 123 56 139
25 107 41 123
68 132 84 148
52 117 68 133
93 121 109 137
78 104 94 120
116 110 132 126
106 89 122 105
117 137 133 153
97 118 113 134
168 146 184 162
150 131 166 147
169 120 185 136
150 104 166 120
176 90 192 106
155 73 171 89
777 734 793 750
759 715 775 731
749 742 765 758
732 730 748 746
725 763 741 779
707 744 723 760
697 774 713 790
681 759 697 775
673 780 689 796
657 769 673 785
770 761 786 777
754 747 770 763
748 772 764 788
728 757 744 773
774 702 790 718
757 690 773 706
747 714 763 730
731 700 747 716
726 730 742 746
709 714 725 730
701 739 717 755
684 718 700 734
670 749 686 765
651 736 667 752
648 764 664 780
626 746 642 762
618 773 634 789
601 760 617 776
777 670 793 686
763 656 779 672
752 683 768 699
736 672 752 688
731 703 747 719
710 683 726 699
704 716 720 732
686 702 702 718
673 728 689 744
659 707 675 723
651 736 667 752
633 724 649 740
622 752 638 768
600 731 616 747
592 761 608 777
579 748 595 764
566 778 582 794
551 761 567 777
782 642 798 658
764 630 780 646
727 666 743 682
710 656 726 672
701 685 717 701
689 667 705 683
677 695 693 711
663 681 679 697
654 713 670 729
633 695 649 711
626 725 642 741
611 712 627 728
778 619 794 635
761 597 777 613
754 633 770 649
738 619 754 635
729 644 745 660
715 625 731 641
702 654 718 670
687 639 703 655
681 664 697 680
665 652 681 668
655 678 671 694
635 661 651 677
624 695 640 711
609 679 625 695
754 657 770 673
735 644 751 660
598 708 614 724
583 693 599 709
573 722 589 738
554 701 570 717
547 727 563 743
525 715 541 731
519 743 535 759
505 727 521 743
497 754 513 770
475 740 491 756
466 766 482 782
454 755 470 771
593 739 609 755
578 720 594 736
569 746 585 762
552 736 568 752
544 763 560 779
529 751 545 767
518 780 534 796
499 760 515 776
758 605 774 621
740 590 756 606
728 610 744 626
711 597 727 613
702 624 718 640
687 606 703 622
674 641 690 657
662 620 678 636
659 650 675 666
641 631 657 647
626 663 642 679
612 650 628 666
600 681 616 697
585 659 601 675
574 688 590 704
558 673 574 689
550 700 566 716
529 686 545 702
517 717 533 733
501 702 517 718
496 728 512 744
480 711 496 727
470 743 486 759
455 724 471 740
441 751 457 767
430 739 446 755
416 766 432 782
399 748 415 764
391 781 407 797
372 761 388 777
366 762 382 778
348 746 364 762
732 580 748 596
713 569 729 585
705 592 721 608
690 575 706 591
679 611 695 627
663 596 679 612
652 621 668 637
637 601 653 617
627 631 643 647
612 619 628 635
604 650 620 666
587 632 603 648
576 660 592 676
560 647 576 663
549 675 565 691
536 657 552 673
522 684 538 700
508 665 524 681
495 693 511 709
474 681 490 697
469 710 485 726
457 700 473 716
