142 158 407 423
209 225 367 383
26 42 55 71
308 324 446 462
71 87 413 429
214 230 332 348
240 256 128 144
244 260 286 302
434 450 338 354
93 109 53 69
263 279 179 195
433 449 248 264
249 265 134 150
163 179 316 332
308 324 86 102
221 237 168 184
76 92 271 287
325 341 377 393
243 259 114 130
297 313 432 448
258 274 377 393
295 311 259 275
342 358 423 439
153 169 343 359
203 219 97 113
227 243 251 267
15 31 146 162
181 197 226 242
322 338 429 445
45 61 362 378
27 43 242 258
215 231 298 314
11 27 433 449
447 463 104 120
58 74 252 268
410 426 108 124
353 369 358 374
79 95 185 201
226 242 34 50
238 254 66 82
285 301 85 101
278 294 176 192
264 280 72 88
355 371 14 30
271 287 276 292
366 382 184 200
207 223 135 151
20 36 241 257
33 49 259 275
279 295 448 464
323 339 305 321
180 196 433 449
466 482 264 280
436 452 341 357
369 385 437 453
212 228 473 489
225 241 42 58
75 91 327 343
326 342 32 48
318 334 127 143
179 195 443 459
439 455 262 278
351 367 11 27
352 368 282 298
454 470 388 404
473 489 66 82
219 235 442 458
70 86 38 54
289 305 71 87
440 456 187 203
30 46 211 227
447 463 321 337
234 250 443 459
205 221 316 332
436 452 129 145
414 430 145 161
31 47 123 139
316 332 398 414
168 184 368 384
283 299 283 299
379 395 188 204
338 354 180 196
372 388 244 260
407 423 288 304
114 130 236 252
21 37 116 132
88 104 282 298
312 328 440 456
68 84 461 477
64 80 343 359
313 329 467 483
471 487 285 301
343 359 47 63
153 169 293 309
384 400 77 93
347 363 186 202
235 251 380 396
275 291 278 294
302 318 252 268
338 354 26 42
76 92 46 62
50 66 112 128
305 321 19 35
15 31 450 466
433 449 332 348
271 287 426 442
361 377 158 174
423 439 367 383
156 172 172 188
163 179 316 332
89 105 321 337
263 279 388 404
243 259 147 163
101 117 405 421
135 151 103 119
53 69 237 253
216 232 333 349
81 97 93 109
312 328 56 72
350 366 422 438
405 421 187 203
19 35 257 273
199 215 292 308
372 388 411 427
142 158 323 339
64 80 263 279
218 234 223 239
230 246 289 305
381 397 301 317
244 260 475 491
436 452 74 90
465 481 347 363
72 88 331 347
56 72 210 226
385 401 124 140
403 419 152 168
469 485 336 352
42 58 134 150
262 278 60 76
403 419 340 356
280 296 142 158
168 184 12 28
340 356 37 53
224 240 204 220
288 304 155 171
451 467 346 362
463 479 326 342
64 80 429 445
79 95 69 85
232 248 412 428
132 148 51 67
159 175 106 122
195 211 380 396
376 392 9 25
202 218 14 30
419 435 329 345
305 321 419 435
186 202 124 140
362 378 340 356
337 353 279 295
388 404 237 253
225 241 467 483
310 326 218 234
265 281 357 373
329 345 421 437
219 235 269 285
192 208 397 413
323 339 192 208
91 107 445 461
344 360 93 109
195 211 68 84
249 265 227 243
177 193 438 454
275 291 332 348
446 462 132 148
391 407 217 233
192 208 24 40
201 217 385 401
194 210 237 253
82 98 394 410
71 87 326 342
84 100 294 310
343 359 302 318
386 402 221 237
99 115 311 327
306 322 18 34
33 49 443 459
242 258 402 418
471 487 154 170
448 464 377 393
346 362 345 361
109 125 388 404
240 256 417 433
440 456 240 256
77 93 249 265
242 258 16 32
434 450 325 341
469 485 122 138
304 320 430 446
467 483 170 186
212 228 274 290
181 197 383 399
258 274 173 189
107 123 211 227
434 450 122 138
49 65 325 341
469 485 135 151
181 197 165 181
398 414 371 387
322 338 463 479
412 428 417 433
374 390 238 254
343 359 60 76
105 121 213 229
99 115 23 39
130 146 61 77
270 286 360 376
277 293 290 306
357 373 445 461
433 449 421 437
381 397 155 171
389 405 135 151
188 204 436 452
457 473 418 434
255 271 255 271
353 369 125 141
179 195 11 27
279 295 75 91
411 427 224 240
385 401 134 150
395 411 455 471
77 93 206 222
345 361 262 278
59 75 447 463
156 172 67 83
160 176 214 230
441 457 227 243
190 206 47 63
471 487 78 94
280 296 297 313
323 339 344 360
422 438 179 195
193 209 373 389
169 185 403 419
53 69 119 135
118 134 406 422
356 372 342 358
338 354 56 72
417 433 356 372
161 177 344 360
470 486 369 385
9 25 227 243
184 200 307 323
426 442 22 38
212 228 432 448
201 217 411 427
96 112 14 30
255 271 292 308
41 57 48 64
361 377 368 384
315 331 171 187
312 328 186 202
111 127 126 142
423 439 217 233
45 61 192 208
64 80 462 478
329 345 459 475
305 321 281 297
403 419 44 60
263 279 113 129
61 77 249 265
287 303 391 407
176 192 44 60
382 398 321 337
325 341 383 399
116 132 308 324
153 169 75 91
351 367 379 395
320 336 297 313
151 167 254 270
191 207 367 383
440 456 170 186
442 458 79 95
187 203 107 123
30 46 57 73
37 53 449 465
192 208 12 28
182 198 40 56
202 218 302 318
122 138 75 91
335 351 402 418
179 195 62 78
216 232 134 150
395 411 22 38
137 153 356 372
111 127 459 475
32 48 158 174
257 273 270 286
144 160 458 474
156 172 420 436
229 245 69 85
191 207 359 375
314 330 215 231
203 219 130 146
302 318 212 228
86 102 329 345
423 439 449 465
216 232 351 367
465 481 380 396
119 135 318 334
226 242 85 101
138 154 439 455
458 474 446 462
157 173 361 377
277 293 435 451
135 151 248 264
78 94 269 285
28 44 9 25
313 329 475 491
165 181 121 137
392 408 385 401
454 470 99 115
430 446 86 102
20 36 111 127
472 488 298 314
69 85 354 370
50 66 412 428
307 323 18 34
269 285 204 220
23 39 454 470
292 308 139 155
179 195 264 280
277 293 445 461
290 306 112 128
285 301 93 109
86 102 135 151
329 345 90 106
275 291 329 345
52 68 259 275
451 467 261 277
452 468 264 280
236 252 279 295
65 81 388 404
17 33 105 121
271 287 172 188
308 324 223 239
156 172 307 323
447 463 349 365
48 64 236 252
171 187 240 256
137 153 173 189
22 38 438 454
395 411 34 50
104 120 385 401
92 108 343 359
131 147 205 221
347 363 261 277
340 356 76 92
416 432 462 478
417 433 444 460
25 41 360 376
178 194 436 452
314 330 440 456
168 184 101 117
71 87 53 69
35 51 135 151
84 100 416 432
290 306 180 196
211 227 209 225
333 349 301 317
154 170 337 353
430 446 296 312
115 131 74 90
326 342 353 369
25 41 158 174
237 253 77 93
37 53 291 307
424 440 415 431
405 421 125 141
384 400 255 271
90 106 92 108
91 107 16 32
46 62 101 117
272 288 455 471
341 357 417 433
185 201 19 35
324 340 238 254
174 190 144 160
165 181 403 419
262 278 224 240
27 43 271 287
259 275 97 113
141 157 323 339
210 226 443 459
58 74 474 490
321 337 114 130
319 335 344 360
131 147 284 300
25 41 92 108
167 183 239 255
231 247 97 113
236 252 313 329
411 427 411 427
88 104 128 144
139 155 190 206
166 182 100 116
49 65 68 84
138 154 336 352
52 68 282 298
138 154 358 374
62 78 72 88
230 246 295 311
417 433 281 297
162 178 156 172
243 259 456 472
411 427 57 73
127 143 121 137
350 366 436 452
138 154 394 410
278 294 55 71
474 490 451 467
35 51 18 34
450 466 59 75
332 348 116 132
97 113 228 244
66 82 108 124
149 165 307 323
248 264 178 194
295 311 177 193
237 253 260 276
405 421 38 54
393 409 116 132
286 302 74 90
9 25 320 336
452 468 16 32
246 262 196 212
446 462 328 344
132 148 425 441
335 351 354 370
325 341 411 427
49 65 40 56
357 373 256 272
160 176 452 468
27 43 238 254
227 243 21 37
438 454 83 99
332 348 406 422
198 214 468 484
426 442 272 288
250 266 323 339
325 341 226 242
278 294 270 286
29 45 446 462
347 363 391 407
205 221 377 393
197 213 379 395
379 395 248 264
31 47 347 363
101 117 322 338
450 466 96 112
345 361 74 90
292 308 313 329
110 126 216 232
253 269 418 434
383 399 316 332
93 109 13 29
284 300 254 270
408 424 441 457
381 397 220 236
105 121 124 140
323 339 161 177
220 236 200 216
296 312 214 230
336 352 376 392
146 162 48 64
341 357 147 163
304 320 291 307
473 489 140 156
288 304 263 279
445 461 454 470
73 89 189 205
466 482 202 218
289 305 319 335
426 442 303 319
64 80 101 117
65 81 282 298
268 284 110 126
431 447 410 426
142 158 279 295
203 219 182 198
77 93 441 457
405 421 293 309
225 241 123 139
326 342 311 327
141 157 107 123
377 393 236 252
51 67 461 477
369 385 151 167
117 133 388 404
131 147 350 366
210 226 456 472
154 170 95 111
367 383 189 205
272 288 234 250
420 436 18 34
210 226 122 138
475 491 211 227
455 471 169 185
420 436 22 38
140 156 38 54
215 231 19 35
386 402 180 196
152 168 188 204
227 243 288 304
398 414 144 160
43 59 214 230
458 474 449 465
10 26 188 204
243 259 235 251
373 389 212 228
465 481 49 65
124 140 366 382
316 332 421 437
252 268 358 374
76 92 393 409
384 400 282 298
468 484 470 486
350 366 313 329
70 86 295 311
209 225 83 99
119 135 334 350
228 244 21 37
453 469 340 356
431 447 413 429
23 39 313 329
329 345 112 128
14 30 453 469
20 36 438 454
368 384 218 234
367 383 307 323
377 393 38 54
178 194 227 243
370 386 246 262
403 419 253 269
179 195 39 55
144 160 399 415
441 457 214 230
148 164 24 40
205 221 362 378
218 234 275 291
343 359 243 259
25 41 474 490
299 315 287 303
132 148 173 189
305 321 297 313
324 340 212 228
80 96 416 432
50 66 298 314
377 393 111 127
181 197 209 225
194 210 93 109
409 425 141 157
167 183 212 228
405 421 403 419
260 276 274 290
118 134 116 132
48 64 230 246
438 454 194 210
283 299 371 387
164 180 218 234
130 146 266 282
277 293 165 181
470 486 63 79
358 374 413 429
417 433 402 418
190 206 279 295
325 341 308 324
314 330 376 392
440 456 133 149
443 459 396 412
221 237 381 397
130 146 130 146
400 416 97 113
104 120 98 114
53 69 265 281
253 269 70 86
83 99 402 418
316 332 456 472
226 242 299 315
111 127 231 247
353 369 359 375
194 210 466 482
134 150 199 215
71 87 193 209
398 414 323 339
352 368 285 301
153 169 9 25
139 155 149 165
281 297 112 128
86 102 103 119
50 66 382 398
22 38 436 452
426 442 118 134
113 129 305 321
41 57 330 346
446 462 31 47
461 477 312 328
252 268 75 91
337 353 93 109
407 423 250 266
300 316 411 427
88 104 219 235
23 39 344 360
44 60 171 187
203 219 414 430
179 195 234 250
466 482 204 220
383 399 284 300
392 408 28 44
286 302 54 70
36 52 396 412
327 343 418 434
406 422 60 76
84 100 359 375
160 176 135 151
178 194 111 127
72 88 90 106
448 464 64 80
229 245 274 290
42 58 92 108
262 278 262 278
428 444 61 77
285 301 129 145
301 317 352 368
59 75 159 175
225 241 186 202
227 243 175 191
229 245 207 223
79 95 113 129
207 223 311 327
180 196 201 217
275 291 24 40
465 481 286 302
163 179 183 199
147 163 324 340
458 474 415 431
95 111 163 179
469 485 272 288
248 264 41 57
385 401 292 308
306 322 181 197
53 69 116 132
95 111 64 80
142 158 371 387
215 231 377 393
460 476 318 334
450 466 70 86
268 284 34 50
314 330 72 88
364 380 324 340
29 45 382 398
258 274 33 49
122 138 60 76
316 332 115 131
314 330 265 281
176 192 92 108
328 344 427 443
290 306 423 439
132 148 392 408
63 79 72 88
349 365 414 430
294 310 147 163
464 480 71 87
340 356 233 249
202 218 173 189
72 88 116 132
138 154 362 378
14 30 159 175
413 429 329 345
425 441 144 160
275 291 130 146
155 171 376 392
68 84 417 433
279 295 94 110
194 210 325 341
416 432 244 260
146 162 460 476
447 463 271 287
295 311 113 129
219 235 275 291
259 275 416 432
105 121 347 363
439 455 231 247
196 212 191 207
185 201 9 25
353 369 198 214
225 241 400 416
135 151 37 53
302 318 260 276
248 264 181 197
423 439 324 340
282 298 424 440
474 490 147 163
36 52 382 398
279 295 370 386
238 254 123 139
249 265 266 282
325 341 102 118
202 218 255 271
188 204 441 457
274 290 176 192
234 250 211 227
127 143 236 252
48 64 313 329
228 244 123 139
36 52 409 425
381 397 462 478
443 459 108 124
279 295 290 306
315 331 115 131
127 143 110 126
158 174 301 317
358 374 178 194
461 477 163 179
228 244 350 366
470 486 67 83
272 288 35 51
449 465 397 413
168 184 333 349
340 356 418 434
279 295 95 111
341 357 300 316
276 292 62 78
282 298 121 137
78 94 95 111
421 437 141 157
451 467 405 421
135 151 303 319
257 273 142 158
434 450 65 81
334 350 406 422
183 199 299 315
221 237 423 439
157 173 313 329
214 230 472 488
218 234 167 183
218 234 69 85
280 296 456 472
293 309 283 299
336 352 194 210
364 380 461 477
170 186 460 476
132 148 53 69
123 139 174 190
141 157 221 237
385 401 374 390
420 436 17 33
15 31 140 156
57 73 170 186
341 357 23 39
228 244 127 143
422 438 454 470
158 174 130 146
53 69 323 339
274 290 89 105
317 333 400 416
428 444 424 440
61 77 178 194
111 127 59 75
196 212 239 255
9 25 144 160
470 486 215 231
307 323 308 324
283 299 134 150
155 171 382 398
16 32 461 477
449 465 403 419
397 413 126 142
364 380 41 57
285 301 86 102
446 462 249 265
79 95 373 389
273 289 174 190
31 47 68 84
304 320 24 40
404 420 178 194
184 200 279 295
246 262 346 362
323 339 39 55
151 167 186 202
423 439 283 299
152 168 135 151
132 148 204 220
449 465 471 487
56 72 162 178
17 33 28 44
434 450 257 273
106 122 226 242
154 170 364 380
134 150 62 78
189 205 341 357
122 138 184 200
287 303 375 391
253 269 203 219
395 411 374 390
235 251 27 43
104 120 155 171
305 321 34 50
58 74 121 137
154 170 308 324
124 140 144 160
439 455 273 289
236 252 389 405
421 437 430 446
407 423 343 359
388 404 360 376
108 124 12 28
208 224 312 328
204 220 425 441
36 52 196 212
14 30 365 381
390 406 450 466
381 397 445 461
54 70 120 136
341 357 258 274
417 433 303 319
139 155 78 94
73 89 127 143
370 386 231 247
252 268 399 415
322 338 456 472
275 291 126 142
158 174 199 215
352 368 125 141
442 458 131 147
190 206 368 384
85 101 105 121
403 419 216 232
83 99 103 119
463 479 87 103
179 195 451 467
233 249 116 132
321 337 317 333
354 370 224 240
179 195 28 44
385 401 268 284
287 303 127 143
277 293 341 357
315 331 41 57
317 333 58 74
169 185 184 200
253 269 362 378
303 319 85 101
85 101 257 273
46 62 250 266
463 479 324 340
333 349 303 319
171 187 29 45
368 384 347 363
19 35 29 45
65 81 37 53
57 73 359 375
375 391 275 291
132 148 20 36
17 33 144 160
327 343 359 375
254 270 131 147
391 407 137 153
199 215 303 319
249 265 201 217
409 425 214 230
321 337 350 366
419 435 320 336
258 274 246 262
316 332 243 259
116 132 281 297
164 180 377 393
125 141 334 350
295 311 67 83
399 415 75 91
424 440 66 82
162 178 27 43
32 48 15 31
160 176 391 407
16 32 292 308
163 179 353 369
18 34 316 332
269 285 117 133
320 336 334 350
273 289 324 340
237 253 157 173
271 287 235 251
239 255 305 321
274 290 302 318
136 152 380 396
325 341 249 265
104 120 263 279
55 71 18 34
95 111 474 490
195 211 334 350
34 50 345 361
212 228 283 299
259 275 464 480
290 306 173 189
377 393 337 353
445 461 359 375
304 320 47 63
436 452 331 347
146 162 304 320
460 476 336 352
206 222 37 53
215 231 410 426
416 432 434 450
45 61 215 231
404 420 362 378
413 429 396 412
