470 486 155 171
386 402 270 286
52 68 378 394
429 445 427 443
393 409 345 361
245 261 418 434
66 82 397 413
94 110 360 376
452 468 290 306
335 351 315 331
256 272 313 329
77 93 210 226
289 305 84 100
186 202 257 273
41 57 469 485
335 351 435 451
187 203 136 152
281 297 100 116
107 123 367 383
49 65 250 266
157 173 104 120
82 98 61 77
37 53 135 151
140 156 128 144
419 435 215 231
293 309 321 337
226 242 432 448
428 444 427 443
149 165 445 461
322 338 434 450
256 272 290 306
373 389 170 186
25 41 192 208
296 312 99 115
342 358 247 263
287 303 246 262
55 71 297 313
67 83 355 371
93 109 342 358
153 169 79 95
432 448 115 131
349 365 263 279
201 217 23 39
169 185 167 183
130 146 57 73
379 395 199 215
285 301 106 122
133 149 342 358
284 300 89 105
458 474 138 154
79 95 445 461
451 467 299 315
273 289 279 295
67 83 289 305
235 251 57 73
345 361 89 105
288 304 51 67
397 413 52 68
318 334 464 480
345 361 410 426
196 212 257 273
386 402 397 413
308 324 126 142
376 392 241 257
235 251 328 344
245 261 116 132
79 95 413 429
258 274 182 198
181 197 354 370
108 124 144 160
89 105 264 280
451 467 271 287
110 126 205 221
472 488 136 152
217 233 69 85
436 452 12 28
302 318 295 311
395 411 207 223
378 394 398 414
338 354 375 391
429 445 199 215
303 319 259 275
39 55 48 64
394 410 57 73
421 437 359 375
341 357 255 271
128 144 446 462
340 356 416 432
287 303 318 334
129 145 469 485
81 97 37 53
428 444 66 82
142 158 192 208
166 182 463 479
317 333 184 200
121 137 93 109
154 170 225 241
92 108 398 414
230 246 399 415
302 318 303 319
50 66 83 99
224 240 144 160
53 69 349 365
466 482 253 269
224 240 320 336
319 335 319 335
163 179 126 142
281 297 11 27
418 434 100 116
86 102 125 141
78 94 392 408
200 216 447 463
321 337 316 332
87 103 471 487
314 330 199 215
381 397 154 170
234 250 472 488
264 280 52 68
459 475 214 230
223 239 192 208
157 173 212 228
263 279 10 26
375 391 311 327
399 415 283 299
368 384 202 218
175 191 451 467
188 204 180 196
347 363 458 474
199 215 419 435
436 452 14 30
229 245 153 169
27 43 296 312
115 131 306 322
186 202 110 126
147 163 281 297
51 67 99 115
340 356 149 165
331 347 382 398
318 334 369 385
325 341 309 325
336 352 147 163
264 280 472 488
370 386 467 483
396 412 214 230
447 463 424 440
166 182 310 326
52 68 449 465
360 376 187 203
389 405 45 61
473 489 127 143
315 331 454 470
362 378 272 288
253 269 185 201
361 377 192 208
42 58 214 230
262 278 202 218
85 101 31 47
109 125 79 95
185 201 158 174
352 368 430 446
384 400 137 153
468 484 309 325
378 394 152 168
343 359 259 275
230 246 204 220
284 300 162 178
293 309 473 489
287 303 165 181
43 59 380 396
413 429 117 133
327 343 396 412
252 268 391 407
443 459 282 298
467 483 140 156
441 457 86 102
214 230 247 263
255 271 115 131
279 295 156 172
210 226 99 115
330 346 19 35
330 346 393 409
164 180 325 341
36 52 21 37
463 479 94 110
419 435 66 82
352 368 162 178
468 484 210 226
290 306 40 56
361 377 210 226
419 435 32 48
302 318 16 32
382 398 115 131
198 214 46 62
377 393 103 119
212 228 314 330
325 341 359 375
420 436 387 403
204 220 328 344
431 447 85 101
277 293 49 65
304 320 357 373
392 408 138 154
347 363 338 354
323 339 308 324
419 435 459 475
186 202 275 291
474 490 425 441
390 406 346 362
149 165 230 246
201 217 85 101
162 178 443 459
442 458 321 337
409 425 464 480
14 30 441 457
408 424 332 348
231 247 191 207
105 121 191 207
279 295 76 92
394 410 474 490
411 427 423 439
281 297 98 114
232 248 178 194
33 49 251 267
86 102 136 152
192 208 433 449
248 264 440 456
466 482 321 337
161 177 51 67
199 215 262 278
474 490 398 414
426 442 78 94
448 464 152 168
56 72 251 267
40 56 206 222
316 332 138 154
117 133 192 208
42 58 256 272
194 210 125 141
347 363 109 125
49 65 280 296
150 166 358 374
454 470 414 430
295 311 108 124
368 384 326 342
19 35 69 85
205 221 395 411
147 163 122 138
155 171 262 278
319 335 462 478
295 311 134 150
225 241 46 62
241 257 293 309
391 407 152 168
13 29 278 294
204 220 125 141
249 265 26 42
412 428 193 209
162 178 144 160
151 167 210 226
254 270 187 203
222 238 64 80
94 110 371 387
329 345 380 396
339 355 319 335
348 364 273 289
109 125 449 465
171 187 263 279
181 197 130 146
385 401 340 356
278 294 292 308
199 215 239 255
190 206 189 205
371 387 125 141
434 450 330 346
284 300 399 415
13 29 100 116
208 224 232 248
51 67 68 84
453 469 240 256
168 184 53 69
388 404 291 307
440 456 112 128
129 145 282 298
125 141 257 273
250 266 357 373
397 413 191 207
19 35 96 112
288 304 426 442
339 355 152 168
257 273 276 292
457 473 287 303
190 206 126 142
297 313 273 289
10 26 378 394
132 148 321 337
222 238 160 176
297 313 75 91
333 349 58 74
62 78 326 342
353 369 273 289
56 72 249 265
262 278 224 240
304 320 109 125
381 397 451 467
295 311 252 268
417 433 277 293
248 264 347 363
52 68 59 75
291 307 394 410
82 98 47 63
32 48 356 372
292 308 345 361
222 238 31 47
234 250 332 348
60 76 36 52
279 295 234 250
294 310 182 198
268 284 261 277
297 313 91 107
245 261 173 189
159 175 421 437
235 251 359 375
108 124 224 240
465 481 235 251
259 275 333 349
125 141 80 96
122 138 366 382
150 166 17 33
129 145 62 78
33 49 244 260
38 54 137 153
42 58 316 332
103 119 49 65
173 189 386 402
125 141 315 331
354 370 308 324
120 136 260 276
147 163 380 396
220 236 240 256
142 158 431 447
138 154 385 401
218 234 448 464
454 470 456 472
242 258 152 168
325 341 150 166
336 352 405 421
275 291 309 325
146 162 18 34
92 108 147 163
366 382 444 460
175 191 459 475
251 267 287 303
236 252 97 113
451 467 251 267
432 448 280 296
248 264 354 370
266 282 218 234
132 148 271 287
347 363 179 195
131 147 89 105
262 278 28 44
79 95 246 262
170 186 120 136
212 228 60 76
353 369 15 31
236 252 324 340
184 200 359 375
423 439 265 281
339 355 107 123
417 433 56 72
121 137 184 200
176 192 310 326
121 137 373 389
102 118 428 444
390 406 250 266
424 440 404 420
297 313 39 55
51 67 107 123
368 384 142 158
227 243 296 312
469 485 32 48
282 298 417 433
153 169 297 313
447 463 301 317
368 384 437 453
348 364 49 65
344 360 370 386
304 320 276 292
396 412 400 416
375 391 466 482
468 484 89 105
332 348 46 62
442 458 469 485
168 184 387 403
248 264 134 150
177 193 227 243
409 425 460 476
247 263 341 357
408 424 29 45
32 48 18 34
375 391 100 116
118 134 413 429
109 125 199 215
367 383 437 453
207 223 268 284
329 345 292 308
134 150 340 356
29 45 468 484
98 114 53 69
454 470 24 40
378 394 274 290
118 134 116 132
197 213 29 45
330 346 446 462
151 167 335 351
18 34 454 470
157 173 155 171
59 75 199 215
239 255 229 245
180 196 465 481
172 188 468 484
55 71 32 48
74 90 383 399
293 309 441 457
153 169 50 66
431 447 425 441
312 328 212 228
450 466 264 280
279 295 289 305
396 412 45 61
338 354 139 155
12 28 30 46
246 262 54 70
59 75 239 255
442 458 417 433
245 261 111 127
94 110 296 312
156 172 373 389
278 294 72 88
471 487 106 122
115 131 126 142
282 298 353 369
25 41 299 315
285 301 135 151
179 195 392 408
41 57 208 224
208 224 335 351
144 160 89 105
51 67 176 192
212 228 382 398
19 35 245 261
337 353 70 86
279 295 402 418
245 261 246 262
60 76 181 197
170 186 458 474
145 161 247 263
73 89 104 120
438 454 195 211
141 157 205 221
176 192 232 248
475 491 283 299
338 354 350 366
217 233 176 192
191 207 404 420
338 354 327 343
80 96 53 69
344 360 13 29
204 220 373 389
439 455 322 338
202 218 283 299
439 455 94 110
155 171 163 179
131 147 347 363
152 168 11 27
381 397 150 166
381 397 261 277
262 278 323 339
283 299 460 476
202 218 202 218
226 242 272 288
436 452 358 374
392 408 274 290
247 263 17 33
418 434 210 226
172 188 316 332
354 370 268 284
231 247 77 93
70 86 203 219
383 399 318 334
417 433 25 41
29 45 433 449
82 98 412 428
73 89 95 111
21 37 149 165
224 240 428 444
241 257 25 41
107 123 135 151
137 153 418 434
199 215 192 208
418 434 103 119
46 62 146 162
451 467 45 61
113 129 375 391
264 280 340 356
94 110 400 416
59 75 126 142
104 120 159 175
289 305 36 52
109 125 301 317
208 224 82 98
296 312 194 210
64 80 413 429
231 247 227 243
293 309 452 468
182 198 427 443
19 35 77 93
180 196 225 241
155 171 137 153
82 98 304 320
56 72 118 134
9 25 279 295
13 29 101 117
172 188 268 284
192 208 244 260
79 95 299 315
68 84 95 111
437 453 302 318
430 446 226 242
399 415 212 228
130 146 227 243
297 313 135 151
464 480 187 203
248 264 115 131
358 374 90 106
343 359 326 342
368 384 286 302
74 90 25 41
138 154 354 370
337 353 273 289
386 402 125 141
404 420 336 352
175 191 90 106
108 124 78 94
268 284 135 151
134 150 340 356
362 378 55 71
123 139 314 330
116 132 270 286
285 301 117 133
244 260 421 437
362 378 288 304
11 27 368 384
94 110 119 135
265 281 348 364
350 366 373 389
260 276 358 374
297 313 228 244
279 295 156 172
217 233 148 164
462 478 68 84
384 400 194 210
139 155 330 346
360 376 130 146
122 138 229 245
406 422 310 326
42 58 365 381
151 167 10 26
360 376 409 425
274 290 99 115
412 428 324 340
84 100 136 152
206 222 198 214
312 328 184 200
153 169 389 405
318 334 343 359
317 333 158 174
32 48 14 30
156 172 217 233
209 225 104 120
263 279 299 315
445 461 211 227
247 263 163 179
404 420 99 115
62 78 278 294
408 424 433 449
24 40 102 118
25 41 472 488
164 180 418 434
29 45 207 223
79 95 387 403
67 83 327 343
69 85 220 236
298 314 349 365
163 179 258 274
268 284 237 253
156 172 178 194
459 475 34 50
447 463 210 226
310 326 101 117
182 198 376 392
211 227 38 54
407 423 457 473
133 149 427 443
363 379 367 383
230 246 323 339
307 323 92 108
457 473 157 173
434 450 51 67
122 138 128 144
360 376 247 263
347 363 326 342
431 447 113 129
87 103 343 359
81 97 421 437
120 136 338 354
30 46 76 92
37 53 175 191
42 58 107 123
357 373 28 44
141 157 427 443
187 203 102 118
216 232 95 111
383 399 44 60
237 253 30 46
48 64 317 333
141 157 134 150
285 301 266 282
143 159 166 182
455 471 202 218
26 42 296 312
451 467 387 403
151 167 24 40
359 375 67 83
473 489 165 181
304 320 70 86
278 294 375 391
214 230 318 334
234 250 241 257
402 418 429 445
30 46 475 491
440 456 430 446
152 168 74 90
179 195 81 97
346 362 303 319
371 387 320 336
100 116 377 393
200 216 103 119
180 196 442 458
428 444 189 205
81 97 184 200
323 339 43 59
181 197 437 453
318 334 203 219
171 187 271 287
261 277 206 222
333 349 19 35
39 55 20 36
434 450 240 256
155 171 124 140
413 429 26 42
341 357 348 364
161 177 203 219
285 301 61 77
246 262 207 223
166 182 363 379
187 203 226 242
167 183 247 263
329 345 33 49
460 476 388 404
340 356 205 221
209 225 96 112
426 442 110 126
133 149 388 404
228 244 332 348
107 123 49 65
459 475 119 135
142 158 453 469
420 436 207 223
319 335 115 131
384 400 219 235
185 201 464 480
321 337 146 162
23 39 317 333
105 121 73 89
401 417 312 328
337 353 200 216
97 113 215 231
132 148 461 477
72 88 270 286
444 460 122 138
456 472 172 188
60 76 421 437
17 33 132 148
236 252 204 220
450 466 125 141
162 178 194 210
17 33 99 115
463 479 128 144
65 81 151 167
253 269 338 354
47 63 298 314
107 123 126 142
275 291 401 417
424 440 242 258
262 278 45 61
192 208 191 207
428 444 145 161
271 287 411 427
373 389 186 202
300 316 60 76
413 429 53 69
339 355 410 426
105 121 355 371
126 142 217 233
379 395 275 291
317 333 411 427
32 48 247 263
97 113 345 361
248 264 231 247
216 232 375 391
72 88 316 332
377 393 370 386
80 96 130 146
82 98 228 244
38 54 384 400
440 456 326 342
22 38 432 448
42 58 298 314
208 224 467 483
116 132 454 470
134 150 71 87
276 292 455 471
462 478 278 294
167 183 345 361
38 54 334 350
345 361 128 144
38 54 409 425
110 126 403 419
99 115 376 392
401 417 51 67
460 476 260 276
133 149 286 302
228 244 406 422
413 429 71 87
338 354 292 308
99 115 170 186
431 447 49 65
311 327 22 38
49 65 442 458
432 448 104 120
57 73 240 256
9 25 188 204
132 148 367 383
126 142 290 306
410 426 278 294
214 230 74 90
9 25 131 147
293 309 176 192
180 196 341 357
367 383 215 231
48 64 207 223
160 176 444 460
457 473 446 462
51 67 255 271
152 168 234 250
424 440 230 246
453 469 224 240
328 344 177 193
14 30 187 203
32 48 421 437
248 264 166 182
203 219 454 470
241 257 94 110
292 308 462 478
141 157 175 191
159 175 459 475
378 394 356 372
33 49 223 239
110 126 459 475
129 145 391 407
16 32 472 488
47 63 435 451
327 343 145 161
346 362 60 76
139 155 328 344
360 376 374 390
120 136 82 98
444 460 366 382
21 37 214 230
327 343 303 319
350 366 197 213
473 489 104 120
227 243 378 394
295 311 185 201
473 489 307 323
12 28 65 81
14 30 280 296
255 271 339 355
235 251 195 211
138 154 457 473
385 401 413 429
189 205 9 25
440 456 443 459
33 49 443 459
387 403 13 29
398 414 290 306
88 104 92 108
406 422 75 91
146 162 131 147
397 413 23 39
262 278 242 258
247 263 455 471
59 75 130 146
96 112 259 275
203 219 356 372
53 69 83 99
365 381 33 49
361 377 25 41
469 485 312 328
294 310 121 137
310 326 212 228
242 258 194 210
137 153 125 141
231 247 39 55
279 295 94 110
194 210 118 134
275 291 128 144
355 371 72 88
88 104 25 41
213 229 430 446
437 453 395 411
223 239 405 421
159 175 253 269
124 140 175 191
307 323 262 278
64 80 197 213
448 464 94 110
143 159 308 324
305 321 210 226
458 474 181 197
428 444 327 343
448 464 385 401
244 260 273 289
419 435 15 31
161 177 296 312
344 360 249 265
459 475 467 483
251 267 203 219
327 343 224 240
129 145 230 246
194 210 36 52
396 412 428 444
214 230 370 386
102 118 392 408
239 255 234 250
174 190 301 317
368 384 218 234
90 106 452 468
129 145 289 305
229 245 325 341
432 448 22 38
427 443 261 277
271 287 50 66
277 293 89 105
242 258 84 100
97 113 314 330
48 64 136 152
155 171 142 158
231 247 97 113
35 51 180 196
272 288 309 325
470 486 181 197
378 394 463 479
446 462 68 84
270 286 351 367
72 88 229 245
162 178 186 202
140 156 83 99
123 139 223 239
60 76 310 326
12 28 37 53
69 85 83 99
19 35 461 477
219 235 471 487
83 99 412 428
452 468 333 349
122 138 466 482
272 288 144 160
401 417 35 51
135 151 13 29
142 158 47 63
459 475 21 37
296 312 337 353
430 446 58 74
75 91 404 420
227 243 468 484
240 256 275 291
169 185 183 199
258 274 49 65
70 86 271 287
324 340 241 257
146 162 42 58
34 50 451 467
283 299 261 277
359 375 163 179
377 393 157 173
280 296 336 352
381 397 284 300
384 400 364 380
308 324 472 488
166 182 470 486
454 470 87 103
359 375 129 145
150 166 416 432
461 477 141 157
