64 765 96 797
88 722 120 754
96 736 128 768
59 728 91 760
43 747 75 779
20 767 52 799
6 751 38 783
17 727 49 759
35 711 67 743
64 709 96 741
63 689 95 721
20 680 52 712
27 654 59 686
33 631 65 663
6 652 38 684
6 635 38 667
22 602 54 634
44 669 76 701
59 654 91 686
68 672 100 704
99 672 131 704
74 642 106 674
123 709 155 741
18 541 50 573
32 521 64 553
49 504 81 536
71 495 103 527
89 479 121 511
95 444 127 476
78 451 110 483
124 442 156 474
120 470 152 502
141 460 173 492
161 447 193 479
150 430 182 462
132 412 164 444
106 418 138 450
69 415 101 447
59 428 91 460
49 439 81 471
33 459 65 491
54 478 86 510
19 495 51 527
12 419 44 451
14 373 46 405
33 359 65 391
64 342 96 374
64 363 96 395
28 390 60 422
54 390 86 422
81 383 113 415
35 419 67 451
92 514 124 546
46 554 78 586
42 575 74 607
70 552 102 584
62 606 94 638
45 609 77 641
57 586 89 618
98 559 130 591
95 595 127 627
88 618 120 650
109 608 141 640
122 577 154 609
108 535 140 567
113 512 145 544
137 502 169 534
150 484 182 516
177 481 209 513
179 504 211 536
1 61 33 93
4 137 36 169
11 105 43 137
33 76 65 108
39 109 71 141
30 131 62 163
60 103 92 135
25 183 57 215
50 169 82 201
69 142 101 174
74 166 106 198
55 191 87 223
9 209 41 241
8 251 40 283
27 215 59 247
52 231 84 263
83 187 115 219
115 205 147 237
81 235 113 267
112 236 144 268
3 279 35 311
12 326 44 358
24 286 56 318
56 289 88 321
44 317 76 349
67 312 99 344
87 262 119 294
98 266 130 298
78 293 110 325
95 303 127 335
118 296 150 328
139 273 171 305
150 260 182 292
136 240 168 272
98 331 130 363
79 348 111 380
101 365 133 397
115 370 147 402
128 368 160 400
122 334 154 366
184 262 216 294
172 279 204 311
156 309 188 341
171 306 203 338
195 326 227 358
163 343 195 375
145 378 177 410
188 351 220 383
174 384 206 416
157 400 189 432
191 390 223 422
189 407 221 439
216 382 248 414
241 381 273 413
235 402 267 434
218 432 250 464
188 435 220 467
207 460 239 492
228 460 260 492
257 455 289 487
254 425 286 457
259 405 291 437
273 392 305 424
283 424 315 456
211 491 243 523
229 488 261 520
247 491 279 523
214 510 246 542
194 529 226 561
169 544 201 576
148 555 180 587
129 555 161 587
130 530 162 562
186 551 218 583
34 264 66 296
135 681 167 713
149 682 181 714
172 674 204 706
187 664 219 696
155 645 187 677
116 635 148 667
139 611 171 643
155 620 187 652
157 583 189 615
182 580 214 612
202 570 234 602
221 542 253 574
246 523 278 555
216 591 248 623
193 626 225 658
224 613 256 645
245 597 277 629
238 643 270 675
275 609 307 641
247 549 279 581
282 534 314 566
277 556 309 588
259 567 291 599
291 576 323 608
308 543 340 575
307 501 339 533
264 498 296 530
281 480 313 512
295 450 327 482
314 431 346 463
297 397 329 429
311 412 343 444
336 454 368 486
353 449 385 481
383 442 415 474
370 459 402 491
366 476 398 508
332 486 364 518
347 502 379 534
331 524 363 556
361 504 393 536
346 528 378 560
340 554 372 586
385 531 417 563
398 509 430 541
414 496 446 528
426 483 458 515
397 458 429 490
405 433 437 465
432 433 464 465
424 455 456 487
397 401 429 433
420 402 452 434
436 386 468 418
465 392 497 424
448 422 480 454
463 444 495 476
472 426 504 458
484 411 516 443
507 419 539 451
501 436 533 468
495 453 527 485
465 468 497 500
221 337 253 369
216 298 248 330
228 285 260 317
248 306 280 338
233 316 265 348
249 330 281 362
269 313 301 345
296 313 328 345
289 336 321 368
285 354 317 386
346 326 378 358
350 345 382 377
326 362 358 394
342 389 374 421
360 369 392 401
318 319 350 351
308 331 340 363
332 286 364 318
352 275 384 307
368 292 400 324
362 308 394 340
310 258 342 290
331 241 363 273
299 238 331 270
314 214 346 246
332 219 364 251
355 216 387 248
377 213 409 245
394 210 426 242
365 239 397 271
415 233 447 265
404 257 436 289
384 277 416 309
437 232 469 264
431 255 463 287
424 272 456 304
409 293 441 325
386 317 418 349
390 350 422 382
365 389 397 421
381 379 413 411
367 410 399 442
412 342 444 374
410 359 442 391
436 351 468 383
463 337 495 369
437 309 469 341
471 306 503 338
491 318 523 350
454 276 486 308
476 272 508 304
458 252 490 284
491 249 523 281
503 281 535 313
543 274 575 306
528 286 560 318
531 303 563 335
523 329 555 361
492 354 524 386
500 374 532 406
534 350 566 382
548 365 580 397
550 403 582 435
541 427 573 459
579 386 611 418
595 374 627 406
582 350 614 382
609 328 641 360
631 320 663 352
644 340 676 372
617 373 649 405
636 277 668 309
643 299 675 331
655 303 687 335
671 319 703 351
692 297 724 329
695 268 727 300
671 249 703 281
552 246 584 278
574 219 606 251
595 234 627 266
578 261 610 293
564 280 596 312
583 290 615 322
598 265 630 297
629 208 661 240
614 239 646 271
639 224 671 256
667 219 699 251
688 225 720 257
516 146 548 178
543 152 575 184
529 176 561 208
528 196 560 228
553 189 585 221
541 211 573 243
528 227 560 259
508 111 540 143
531 91 563 123
466 56 498 88
453 81 485 113
423 93 455 125
412 117 444 149
397 143 429 175
391 174 423 206
416 165 448 197
432 131 464 163
456 110 488 142
482 86 514 118
494 60 526 92
517 75 549 107
456 152 488 184
448 179 480 211
437 206 469 238
480 148 512 180
477 172 509 204
466 203 498 235
491 199 523 231
467 233 499 265
484 220 516 252
505 230 537 262
762 139 794 171
4 16 36 48
25 39 57 71
51 27 83 59
67 12 99 44
46 50 78 82
84 22 116 54
73 69 105 101
99 57 131 89
76 52 108 84
122 24 154 56
143 27 175 59
156 37 188 69
173 13 205 45
128 58 160 90
225 37 257 69
204 46 236 78
184 58 216 90
162 83 194 115
113 108 145 140
135 114 167 146
152 101 184 133
104 154 136 186
123 152 155 184
128 184 160 216
168 115 200 147
189 111 221 143
199 85 231 117
231 53 263 85
249 37 281 69
264 56 296 88
249 85 281 117
226 89 258 121
224 120 256 152
203 137 235 169
176 156 208 188
166 181 198 213
165 204 197 236
158 229 190 261
173 248 205 280
187 222 219 254
205 184 237 216
195 164 227 196
235 148 267 180
233 167 265 199
231 194 263 226
265 153 297 185
260 180 292 212
245 217 277 249
226 226 258 258
209 253 241 285
256 251 288 283
286 204 318 236
292 171 324 203
300 146 332 178
270 107 302 139
287 120 319 152
261 16 293 48
279 23 311 55
321 34 353 66
291 38 323 70
305 53 337 85
307 72 339 104
291 79 323 111
345 16 377 48
340 44 372 76
337 101 369 133
317 102 349 134
331 136 363 168
364 114 396 146
379 108 411 140
366 154 398 186
355 174 387 206
317 189 349 221
319 166 351 198
373 22 405 54
367 58 399 90
388 40 420 72
403 26 435 58
451 11 483 43
443 41 475 73
433 65 465 97
409 71 441 103
467 35 499 67
512 14 544 46
535 24 567 56
525 61 557 93
538 51 570 83
572 27 604 59
602 51 634 83
564 98 596 130
572 122 604 154
561 77 593 109
572 69 604 101
594 84 626 116
617 80 649 112
646 81 678 113
636 104 668 136
629 123 661 155
589 155 621 187
601 134 633 166
608 98 640 130
597 111 629 143
587 188 619 220
608 173 640 205
673 151 705 183
706 194 738 226
646 147 678 179
635 165 667 197
677 193 709 225
664 181 696 213
721 226 753 258
739 231 771 263
718 258 750 290
731 286 763 318
764 207 796 239
731 180 763 212
747 165 779 197
705 163 737 195
692 127 724 159
703 109 735 141
671 98 703 130
687 106 719 138
663 67 695 99
642 52 674 84
616 30 648 62
644 30 676 62
656 32 688 64
686 26 718 58
708 2 740 34
766 28 798 60
705 41 737 73
738 44 770 76
720 57 752 89
727 70 759 102
733 87 765 119
733 108 765 140
727 124 759 156
729 142 761 174
646 362 678 394
761 69 793 101
259 268 291 300
298 283 330 315
506 298 538 330
103 578 135 610
104 699 136 731
91 42 123 74
82 136 114 168
583 308 615 340
611 289 643 321
623 263 655 295
654 249 686 281
209 204 241 236
304 113 336 145
143 752 175 784
127 765 159 797
180 722 212 754
165 745 197 777
222 692 254 724
238 662 270 694
204 714 236 746
185 740 217 772
209 756 241 788
224 726 256 758
245 714 277 746
242 694 274 726
271 700 303 732
265 734 297 766
242 754 274 786
331 747 363 779
282 653 314 685
271 672 303 704
319 631 351 663
309 652 341 684
335 650 367 682
360 599 392 631
352 615 384 647
389 594 421 626
413 568 445 600
435 537 467 569
456 531 488 563
499 488 531 520
532 499 564 531
504 512 536 544
488 540 520 572
522 524 554 556
510 555 542 587
549 515 581 547
540 539 572 571
523 568 555 600
497 579 529 611
444 580 476 612
458 560 490 592
422 599 454 631
400 627 432 659
416 634 448 666
383 659 415 691
339 701 371 733
316 709 348 741
299 704 331 736
309 729 341 761
347 732 379 764
364 737 396 769
399 668 431 700
420 682 452 714
439 694 471 726
422 707 454 739
404 729 436 761
382 759 414 791
394 744 426 776
426 746 458 778
452 739 484 771
450 718 482 750
450 608 482 640
499 619 531 651
496 637 528 669
468 662 500 694
488 673 520 705
477 689 509 721
476 715 508 747
502 661 534 693
526 606 558 638
527 620 559 652
547 587 579 619
569 558 601 590
593 553 625 585
585 570 617 602
558 629 590 661
562 608 594 640
594 612 626 644
580 626 612 658
615 609 647 641
620 629 652 661
617 643 649 675
530 654 562 686
529 682 561 714
553 661 585 693
497 719 529 751
520 722 552 754
533 697 565 729
587 659 619 691
597 671 629 703
541 723 573 755
555 686 587 718
552 713 584 745
578 698 610 730
609 698 641 730
646 668 678 700
644 680 676 712
663 680 695 712
686 672 718 704
633 699 665 731
639 718 671 750
598 726 630 758
575 750 607 782
600 740 632 772
644 744 676 776
666 750 698 782
596 766 628 798
608 763 640 795
466 759 498 791
683 707 715 739
697 722 729 754
714 714 746 746
726 726 758 758
744 709 776 741
747 685 779 717
749 659 781 691
703 656 735 688
707 676 739 708
722 663 754 695
707 635 739 667
723 750 755 782
745 766 777 798
750 733 782 765
573 526 605 558
566 542 598 574
600 527 632 559
632 508 664 540
628 538 660 570
640 557 672 589
633 576 665 608
628 595 660 627
653 596 685 628
662 566 694 598
659 540 691 572
662 515 694 547
663 490 695 522
687 503 719 535
681 525 713 557
685 545 717 577
689 579 721 611
644 628 676 660
688 613 720 645
703 584 735 616
717 560 749 592
728 534 760 566
723 507 755 539
671 609 703 641
666 629 698 661
542 461 574 493
588 421 620 453
577 451 609 483
565 472 597 504
577 484 609 516
601 470 633 502
619 421 651 453
646 422 678 454
633 454 665 486
621 479 653 511
700 359 732 391
678 378 710 410
668 414 700 446
674 459 706 491
693 483 725 515
709 460 741 492
702 427 734 459
681 429 713 461
738 340 770 372
725 370 757 402
715 394 747 426
734 417 766 449
752 390 784 422
764 365 796 397
755 332 787 364
754 411 786 443
760 445 792 477
736 452 768 484
759 473 791 505
747 496 779 528
751 528 783 560
748 555 780 587
737 579 769 611
726 612 758 644
739 635 771 667
755 599 787 631
765 580 797 612
740 373 772 405
722 482 754 514
638 467 670 499
655 465 687 497
460 632 492 664
454 649 486 681
505 706 537 738
284 667 316 699
366 610 398 642
573 729 605 761
398 704 430 736
