753 346 785 378
726 357 758 389
754 318 786 350
729 331 761 363
757 286 789 318
730 302 762 334
734 269 766 301
759 253 791 285
761 224 793 256
733 242 765 274
735 213 767 245
762 196 794 228
767 167 799 199
738 179 770 211
763 136 795 168
740 157 772 189
741 121 773 153
743 91 775 123
743 63 775 95
743 34 775 66
285 6 317 38
390 11 422 43
362 25 394 57
335 38 367 70
310 52 342 84
284 33 316 65
313 20 345 52
339 6 371 38
465 2 497 34
440 11 472 43
413 28 445 60
385 44 417 76
362 54 394 86
412 55 444 87
437 41 469 73
464 29 496 61
492 17 524 49
515 6 547 38
568 6 600 38
543 22 575 54
518 35 550 67
488 48 520 80
461 61 493 93
538 48 570 80
567 35 599 67
593 26 625 58
619 8 651 40
672 12 704 44
641 23 673 55
618 42 650 74
720 16 752 48
696 28 728 60
669 40 701 72
642 49 674 81
615 69 647 101
589 80 621 112
562 96 594 128
537 109 569 141
512 122 544 154
485 137 517 169
456 149 488 181
432 163 464 195
591 54 623 86
563 66 595 98
539 81 571 113
514 94 546 126
483 104 515 136
456 118 488 150
431 129 463 161
407 146 439 178
511 64 543 96
489 74 521 106
461 89 493 121
437 103 469 135
409 118 441 150
384 130 416 162
358 145 390 177
330 156 362 188
333 126 365 158
356 114 388 146
386 99 418 131
411 89 443 121
436 75 468 107
384 70 416 102
357 83 389 115
334 96 366 128
306 111 338 143
308 84 340 116
336 68 368 100
717 45 749 77
694 58 726 90
667 73 699 105
641 84 673 116
615 98 647 130
589 111 621 143
560 122 592 154
536 135 568 167
510 151 542 183
483 167 515 199
719 77 751 109
696 89 728 121
669 100 701 132
641 114 673 146
614 132 646 164
716 103 748 135
689 119 721 151
665 132 697 164
636 146 668 178
611 156 643 188
586 169 618 201
716 135 748 167
688 147 720 179
663 162 695 194
283 66 315 98
711 163 743 195
684 176 716 208
660 191 692 223
637 204 669 236
605 216 637 248
607 186 639 218
635 175 667 207
582 200 614 232
559 216 591 248
559 186 591 218
533 199 565 231
505 214 537 246
534 170 566 202
507 187 539 219
484 195 516 227
455 209 487 241
430 223 462 255
428 195 460 227
457 177 489 209
406 173 438 205
399 206 431 238
378 159 410 191
352 172 384 204
329 184 361 216
376 222 408 254
352 234 384 266
329 245 361 277
273 274 305 306
302 230 334 262
328 220 360 252
353 205 385 237
383 189 415 221
480 225 512 257
453 240 485 272
426 251 458 283
399 264 431 296
373 272 405 304
346 286 378 318
320 304 352 336
294 313 326 345
269 330 301 362
271 299 303 331
297 287 329 319
323 273 355 305
349 258 381 290
373 243 405 275
403 234 435 266
585 228 617 260
555 245 587 277
527 258 559 290
501 269 533 301
453 297 485 329
424 308 456 340
396 321 428 353
371 332 403 364
372 303 404 335
344 316 376 348
321 334 353 366
295 348 327 380
270 355 302 387
400 292 432 324
424 279 456 311
448 272 480 304
504 241 536 273
533 233 565 265
478 257 510 289
477 316 509 348
447 328 479 360
423 334 455 366
397 350 429 382
371 360 403 392
343 345 375 377
318 357 350 389
444 350 476 382
475 340 507 372
712 193 744 225
687 207 719 239
661 220 693 252
633 234 665 266
606 248 638 280
582 259 614 291
554 270 586 302
712 224 744 256
683 237 715 269
657 251 689 283
631 264 663 296
605 277 637 309
578 291 610 323
554 301 586 333
476 279 508 311
710 251 742 283
680 267 712 299
656 279 688 311
630 295 662 327
603 306 635 338
578 321 610 353
551 330 583 362
548 362 580 394
575 351 607 383
598 337 630 369
626 325 658 357
656 309 688 341
682 297 714 329
705 283 737 315
704 313 736 345
678 326 710 358
653 339 685 371
626 353 658 385
599 364 631 396
649 364 681 396
677 352 709 384
701 342 733 374
700 369 732 401
751 373 783 405
184 27 216 59
211 15 243 47
234 4 266 36
257 16 289 48
235 29 267 61
208 43 240 75
182 56 214 88
180 86 212 118
205 73 237 105
231 59 263 91
257 43 289 75
255 73 287 105
180 116 212 148
229 89 261 121
178 143 210 175
229 116 261 148
202 127 234 159
254 134 286 166
230 146 262 178
201 157 233 189
173 171 205 203
172 202 204 234
198 188 230 220
225 178 257 210
248 160 280 192
251 193 283 225
225 207 257 239
199 218 231 250
172 231 204 263
170 261 202 293
195 247 227 279
248 225 280 257
306 164 338 196
247 249 279 281
244 281 276 313
243 309 275 341
219 351 251 383
218 324 250 356
219 293 251 325
221 267 253 299
195 280 227 312
191 311 223 343
190 337 222 369
164 351 196 383
167 324 199 356
171 292 203 324
151 160 183 192
125 171 157 203
98 185 130 217
74 198 106 230
46 213 78 245
20 224 52 256
150 187 182 219
123 202 155 234
97 216 129 248
72 229 104 261
44 240 76 272
17 255 49 287
147 216 179 248
123 228 155 260
92 242 124 274
68 255 100 287
41 270 73 302
17 282 49 314
145 247 177 279
120 262 152 294
94 276 126 308
67 287 99 319
41 301 73 333
17 313 49 345
144 274 176 306
119 292 151 324
94 301 126 333
67 317 99 349
40 327 72 359
14 340 46 372
61 342 93 374
88 325 120 357
116 318 148 350
141 305 173 337
142 337 174 369
113 345 145 377
125 141 157 173
97 155 129 187
71 166 103 198
46 180 78 212
21 193 53 225
76 139 108 171
49 151 81 183
22 165 54 197
25 135 57 167
3 26 35 58
56 3 88 35
109 9 141 41
83 19 115 51
53 35 85 67
28 44 60 76
3 56 35 88
1 87 33 119
28 73 60 105
54 62 86 94
80 52 112 84
106 36 138 68
131 24 163 56
160 12 192 44
159 41 191 73
128 55 160 87
106 68 138 100
80 81 112 113
51 92 83 124
25 108 57 140
50 117 82 149
76 107 108 139
103 92 135 124
100 120 132 152
152 128 184 160
152 102 184 134
158 73 190 105
759 716 791 748
735 729 767 761
706 745 738 777
682 757 714 789
654 767 686 799
757 746 789 778
731 759 763 791
759 687 791 719
734 700 766 732
709 712 741 744
682 721 714 753
654 734 686 766
629 746 661 778
602 760 634 792
762 657 794 689
738 670 770 702
712 684 744 716
685 699 717 731
660 709 692 741
633 721 665 753
603 733 635 765
579 748 611 780
552 762 584 794
764 628 796 660
711 653 743 685
688 666 720 698
660 679 692 711
635 695 667 727
609 709 641 741
763 600 795 632
737 616 769 648
712 626 744 658
687 641 719 673
662 649 694 681
636 664 668 696
609 676 641 708
738 643 770 675
580 692 612 724
554 703 586 735
528 714 560 746
504 730 536 762
478 741 510 773
452 753 484 785
580 720 612 752
554 733 586 765
528 749 560 781
500 761 532 793
741 587 773 619
714 597 746 629
688 608 720 640
661 623 693 655
640 634 672 666
610 648 642 680
585 662 617 694
557 673 589 705
531 685 563 717
504 702 536 734
478 713 510 745
453 724 485 756
428 737 460 769
401 750 433 782
373 762 405 794
351 749 383 781
716 566 748 598
690 577 722 609
665 593 697 625
636 603 668 635
612 617 644 649
585 631 617 663
560 645 592 677
535 657 567 689
505 667 537 699
476 680 508 712
455 697 487 729
430 707 462 739
403 722 435 754
379 735 411 767
480 654 512 686
456 667 488 699
431 680 463 712
404 696 436 728
353 719 385 751
484 627 516 659
459 638 491 670
432 652 464 684
405 664 437 696
380 675 412 707
352 687 384 719
641 575 673 607
614 588 646 620
584 604 616 636
561 614 593 646
535 627 567 659
615 560 647 592
585 571 617 603
561 585 593 617
537 598 569 630
509 612 541 644
746 491 778 523
719 507 751 539
744 522 776 554
720 534 752 566
746 463 778 495
722 476 754 508
749 435 781 467
722 449 754 481
699 460 731 492
699 432 731 464
724 420 756 452
741 553 773 585
639 543 671 575
665 530 697 562
667 504 699 536
614 529 646 561
588 542 620 574
562 556 594 588
536 569 568 601
511 581 543 613
484 594 516 626
459 606 491 638
433 620 465 652
407 632 439 664
381 646 413 678
356 661 388 693
672 415 704 447
645 427 677 459
622 439 654 471
622 410 654 442
541 483 573 515
516 494 548 526
490 509 522 541
463 521 495 553
438 533 470 565
412 546 444 578
596 453 628 485
570 466 602 498
671 444 703 476
645 457 677 489
618 470 650 502
590 484 622 516
566 493 598 525
513 521 545 553
489 536 521 568
462 553 494 585
441 564 473 596
540 509 572 541
410 577 442 609
386 588 418 620
357 626 389 658
379 619 411 651
406 605 438 637
642 485 674 517
618 497 650 529
590 511 622 543
564 524 596 556
538 538 570 570
512 554 544 586
485 563 517 595
458 578 490 610
434 590 466 622
569 433 601 465
541 449 573 481
518 462 550 494
491 476 523 508
465 493 497 525
442 503 474 535
412 514 444 546
386 527 418 559
359 537 391 569
357 565 389 597
493 445 525 477
466 462 498 494
442 475 474 507
415 486 447 518
391 500 423 532
361 509 393 541
364 481 396 513
390 467 422 499
416 455 448 487
442 448 474 480
466 433 498 465
495 420 527 452
521 436 553 468
446 414 478 446
418 427 450 459
391 441 423 473
359 455 391 487
418 398 450 430
396 409 428 441
367 424 399 456
373 401 405 433
665 477 697 509
354 598 386 630
314 394 346 426
288 407 320 439
265 421 297 453
239 431 271 463
212 445 244 477
190 455 222 487
158 474 190 506
133 484 165 516
106 496 138 528
80 509 112 541
56 522 88 554
30 536 62 568
3 550 35 582
339 466 371 498
314 480 346 512
287 493 319 525
261 505 293 537
234 518 266 550
207 533 239 565
128 575 160 607
102 586 134 618
77 600 109 632
49 613 81 645
25 599 57 631
48 583 80 615
79 571 111 603
105 556 137 588
131 545 163 577
157 531 189 563
314 453 346 485
288 465 320 497
261 476 293 508
236 490 268 522
210 504 242 536
184 519 216 551
184 547 216 579
156 559 188 591
340 439 372 471
338 413 370 445
314 423 346 455
289 435 321 467
262 449 294 481
238 464 270 496
210 475 242 507
182 484 214 516
160 498 192 530
132 511 164 543
104 525 136 557
80 540 112 572
54 552 86 584
27 564 59 596
264 388 296 420
238 403 270 435
214 417 246 449
186 430 218 462
133 455 165 487
107 467 139 499
56 488 88 520
28 504 60 536
2 519 34 551
215 387 247 419
163 414 195 446
136 421 168 453
109 437 141 469
83 451 115 483
57 464 89 496
34 478 66 510
8 490 40 522
164 384 196 416
112 409 144 441
87 423 119 455
59 436 91 468
33 450 65 482
8 462 40 494
137 395 169 427
113 383 145 415
88 393 120 425
61 405 93 437
35 420 67 452
9 432 41 464
339 497 371 529
312 508 344 540
285 524 317 556
259 535 291 567
231 550 263 582
206 562 238 594
180 575 212 607
154 590 186 622
127 604 159 636
101 615 133 647
74 628 106 660
47 641 79 673
23 655 55 687
25 627 57 659
335 525 367 557
308 539 340 571
283 550 315 582
258 564 290 596
232 577 264 609
203 590 235 622
177 603 209 635
125 630 157 662
99 645 131 677
73 659 105 691
48 671 80 703
21 685 53 717
150 616 182 648
334 552 366 584
310 564 342 596
285 582 317 614
257 594 289 626
229 608 261 640
204 622 236 654
150 647 182 679
178 633 210 665
123 662 155 694
96 672 128 704
72 686 104 718
44 702 76 734
20 713 52 745
333 586 365 618
308 598 340 630
278 612 310 644
257 624 289 656
230 638 262 670
201 652 233 684
180 663 212 695
153 676 185 708
121 690 153 722
72 715 104 747
329 622 361 654
304 629 336 661
278 643 310 675
250 654 282 686
228 666 260 698
201 683 233 715
175 695 207 727
304 655 336 687
278 670 310 702
249 681 281 713
225 693 257 725
199 708 231 740
330 649 362 681
328 675 360 707
302 689 334 721
277 699 309 731
249 712 281 744
221 725 253 757
170 752 202 784
324 701 356 733
301 714 333 746
273 728 305 760
249 744 281 776
221 757 253 789
326 730 358 762
296 745 328 777
273 758 305 790
323 761 355 793
1 609 33 641
44 730 76 762
17 741 49 773
122 721 154 753
93 734 125 766
68 746 100 778
41 758 73 790
121 752 153 784
92 765 124 797
144 765 176 797
62 380 94 412
38 392 70 424
10 403 42 435
82 479 114 511
162 440 194 472
186 395 218 427
